26490.6420078
157.648131561
12.2953493549
313.163532725
101.199459969
1870.46285546
255.892795542
1198.83234582
223.093505257
3821.89403361
158.138270175
89.724314046
5410.77779577
3471.51730517
2424.79471081
2932.2172485
2586.64190832
356.743160758
8289.28737348
10.0
321.587665246
934.039938413
1512.88722133
5480.11339886
5001.0025265
1306.34284463
2576.69287741
4440.85416649
5116.68013989
917.571777615
1964.94264666
12095.8298949
1914.45877151
8427.43863595
2543.36754532
787.68252783
846.261287921
5992.63480527
9255.96456209
1169.12467452
2981.54982222
4867.84528916
80.971998157
153.549692917
5825.50102127
448.966862861
51.5716416556
393.583629191
203.639408588
2750.80380212
925.716456731
8051.45199474
657.284256668
235.814166352
137.280261473
31.0466133829
1433.98641056
4866.83410484
7561.23617915
1104.90209461
765.182548403
4457.29489088
3147.54004215
525.177048764
910.881449057
16712.0356611
4550.9503231
1412.84756029
32651.7018194
19849.0014166
332.642391515
195.478256856
527.841343474
397.386168023
98.4650089518
13755.9351719
19325.0517255
4570.28836506
4359.11157976
47.0103576938
25.72294566
60.4008182098
15.0157469308
4725.39847963
609.377450019
1286.83928478
11003.3934412
5202.39763344
524.17369537
105.43668727
209.722922426
393.778183188
39298.5276391
98.7862088961
2385.85204883
3297.15950167
3965.10007683
2684.15153831
12.8184349223
45.8923453034
337.711964345
15734.6198944
2197.91933243
203.382090954
453.31711644
1351.79195075
634.786403455
2093.01888902
289.047191294
321.588260021
42.1953756576
275.481345209
2564.65509901
695.031660448
9046.84877571
2038.09834182
8809.10555066
304.766479447
680.46498332
106.490808706
8795.63428696
6167.39013821
635.822145105
302.609804988
362.183596142
18490.5662147
2961.42605345
72.1747380307
4596.17509519
1139.93127578
100.039773289
102.396132139
1626.45142024
1181.14377293
2669.05860082
3240.05700336
1247.19407282
1220.41091135
2207.88524551
222.710423921
4397.74379565
12997.2599221
17.9213965601
1303.76794866
7757.56028129
339.40713625
3731.10779017
1462.62122977
11928.1128406
1937.4294767
3444.75206489
148.208273557
249.153382895
268.700818595
916.774983407
278.703668919
9617.73954664
48.1295022328
29018.8785192
558.182914304
3272.18968466
856.600111141
1001.3532465
5189.93235582
86.8331282881
12.8432728005
507.538236997
799.406326392
1370.10679599
1426.19722289
5442.92589458
14157.2230496
2885.88957521
3707.54297733
359.717404617
17.3325470841
4765.16269293
10898.0492497
572.637577935
86.8039615758
11472.145964
3356.84006915
353.872611276
3251.32185213
34.9745572054
266.739813858
1351.33058004
21.7282375949
107.041618991
44740.1081934
84.2548798748
1767.83693399
4166.78981851
1131.49530051
4101.50861301
918.336000852
1331.24583511
757.511827836
23160.6679497
4071.9253696
2338.5055994
11550.3071692
490.343894721
4507.92709323
48.7001095772
2738.48450312
305.559822221
3546.40694687
312.719905189
9132.66089842
294.101841465
3751.08992778
3083.28757536
169.528794359
29814.5696934
6072.82928387
413.013498524
105.780893158
1076.74993559
532.526212945
155.791471898
1731.63134343
3711.43243815
12991.6450198
3997.35255049
142.170699237
724.670328961
3264.62368661
110.890172959
2553.12932345
51.5596011088
19436.4428998
686.762603745
292.030003868
193.600623839
93.1908953656
97.5968770953
9781.50262028
1403.45555945
390.436292759
14750.2822186
1945.655318
435.798795278
499.639130592
10.0
64.4267576782
1061.33309019
422.523748738
3110.40460869
134.385634953
55.3803962312
1370.00364131
2881.83541393
3231.08120714
5090.90335551
2883.90863931
218.605050768
47.6974718731
590.856763005
284.184063658
1223.87061717
1209.22474004
38.489618576
5325.11499617
540.739025414
11153.3077378
355.602301414
147.031639589
3375.92473105
2268.5113677
3586.10970328
1912.86781258
67.6143344096
7231.78922884
695.579773597
2859.16901687
13487.5963694
7358.55039442
90.1777165585
171.515359057
210.090798871
698.904785864
1108.26685485
2795.26571954
2123.28358419
2019.37868329
5003.39231048
2013.86841427
6228.97988992
733.416435815
1855.87969363
590.71052377
60.0863732251
4318.04414468
4660.30550692
9385.68991836
9195.96924317
14591.7776222
1723.18475532
950.521962576
1328.11268506
90.9971853722
3116.49644048
4696.29420332
3983.04834254
199.260410833
204.115554241
1892.58683826
229.609529395
1512.0172488
909.454403701
2182.68594421
2458.83705353
1615.99535212
7093.90372642
4552.79687741
15.8194715949
7999.28256366
157.255799997
8160.5573277
29.7876678048
1214.59586457
384.845715248
43.46363214
567.839134044
2526.13599536
5495.31346182
1346.87674024
6618.7423729
27058.0706447
100.82521549
1264.42193459
497.60409361
488.461122072
1679.1097655
4183.17149354
62.0426214018
414.08019423
1821.46614984
119.875973343
90.1400468786
197.260172534
830.268193225
37352.945396
5741.86688011
2908.82470094
834.30519514
495.054623889
6994.04525657
161.473044664
4432.78097894
297.455576796
105.31596336
129.903633207
6039.0650604
2852.43963054
495.221066315
3272.4224676
11349.9912132
2574.06349531
13068.5493252
18151.6926933
148.189884103
11357.1810184
302.692275032
2926.33356359
4137.40847902
204.971479281
231.889381086
288.548580475
933.823673489
18194.54857
701.295139803
1002.61475198
8149.78862686
9689.73912095
4853.05738686
1318.39854708
36359.5300125
112.595268232
1376.3192507
7839.07974434
884.7613288
542.790051329
2009.91172111
1717.75583519
9984.41499721
5438.44755188
8335.47015566
3602.6217974
504.166687485
4352.58559381
3213.88596772
2451.8335143
723.559594236
897.2804711
6241.74226652
389.095956544
2999.10172321
1725.24430702
3623.1545236
1682.63425845
123.522142255
2023.26839781
267.856978245
2195.84713974
39.7940265626
69.3119770599
416.186685965
10.0
48.1468042585
1099.88975465
1100.41279701
514.144352725
323.264371073
516.557926052
171.117008046
143.030095855
17321.3415905
4247.91347627
64.2121409697
102.563847268
1433.68876788
324.950010695
7262.98814635
1378.60889466
4288.38320494
54.3956523544
128.350609436
423.717808583
4778.72762804
1004.8007877
1212.28238232
10.0
891.895527626
1049.38575287
1773.27292029
8206.005131
2369.25369103
833.23109646
1179.31146152
1441.97469599
5448.63873203
54.4651916618
1389.10831464
9032.52949038
1614.22170719
3002.6556164
913.004171076
182.099036301
41.6245475189
6667.70749622
298.277111554
4957.09297379
318.162853398
9085.23315306
19.0970518016
12329.840528
301.402438858
870.781727042
3823.33034712
57.7620843135
4281.58327751
1481.8892027
3538.85766232
26.7013332822
3550.07402394
412.54055071
424.342321397
82.8903237859
1296.495332
5150.21287287
555.049012065
8205.36174779
1431.20378424
5889.00998915
1782.03684845
5127.90854626
91.5444646215
12580.5251455
1332.87048169
2296.53755629
4509.88818584
7423.01683498
4727.56498596
5327.51707109
2408.21415355
5808.41924787
212.048686469
2873.79628243
32.4690541756
579.612878439
86.1185039145
5108.17072353
23.0478915414
2812.0540814
102.196405
843.38903375
10.0
972.114278887
397.482498407
3870.73770743
99.2194213714
5672.00963114
2093.56795018
145.522765253
5808.68893993
6539.55381209
4912.84768529
1746.93172671
17186.8109054
41.5697930169
13178.8118679
1267.56191048
217.947740914
1815.28285738
263.88078704
2482.57612172
15.3038684104
453.232084714
241.76265999
19182.8512652
188.492901386
121.0399124
471.597692088
530.197904107
307.212334656
34.5920502442
711.076738673
3485.78299758
10516.3459134
3691.4489571
10576.2349636
1818.13365229
356.809133925
7270.16597323
2780.34001372
744.058662757
27.208534435
2718.3254031
62.4282196248
49.3092065172
2854.35762882
1889.92245008
137.113585871
299.852247917
626.526879921
259.820080913
576.756378342
64.5912586495
62.1875862395
8814.20253492
694.581439436
3813.86116846
25.6979118937
470.791063144
41.849645263
1162.57682252
1875.82490446
920.913630251
518.963458825
45302.6635813
1364.12240833
1460.38611135
2358.66696133
5253.59410118
172.846457758
74.3884579014
610.894416316
34.3484789711
1447.02680103
2202.38574669
10.0749292224
172.862671822
162.333759412
363.779463302
1602.6253212
1904.96729682
368.502226569
990.30608206
271.912139228
282.229672872
421.714485717
5200.89432378
3674.89402198
1257.56860226
246.106308544
7937.35804289
311.068641802
373.43921054
513.957203912
522.159451934
840.043212247
64.2428789036
1618.99551214
2768.78080253
106.899748619
283.030886367
51.0859600138
11283.0779432
88.0320815655
1094.09826322
9246.1263799
30.32586928
1181.91132588
12250.5946213
126.878540116
236.997245072
383.733784917
14.6395567525
32.9555316101
9847.05282858
3675.36659508
899.551757183
278.560982299
6223.58118695
482.023052696
796.310123005
18170.793115
3056.22352906
11488.1297046
104.767385435
1711.29276459
96.7797266548
10.0
78.1746740659
3744.00421386
341.434334726
4626.11032995
3374.60978902
46.3927322319
2322.19978107
98.2593296773
707.971336683
334.471307981
300.271856892
4947.27193882
382.140298376
10536.218508
10.0
111.313550719
460.943511234
919.661227295
8440.32800129
6917.47123476
278.995134738
7468.01426519
676.932981744
20900.6292588
4398.38160974
40.9627608342
100.115566632
442.024579177
26.4729294205
100.415598954
88.3825270074
1111.73408323
837.914469715
198.443543679
2711.07969265
42.223918003
125.050837949
2530.9394537
55.3800139881
861.16547031
499.35706877
5499.98802147
70.1639717791
501.754022325
4472.37346063
1333.24487847
675.151725472
14155.6668326
3486.89657638
1940.15569653
5145.13517498
620.954456976
3496.4690523
4422.02653226
8537.54051525
4696.90189534
2904.85501975
492.950040619
1499.98308861
37.973075408
701.357614194
32.983040408
13210.6828479
1833.13478565
496.106115745
910.95062564
19.7462991362
209.438275126
9063.62782795
17.9662898825
61860.2443768
1127.37371672
42.9647902109
42.5269914977
16.7685854265
725.576189341
2478.45953726
3143.72694904
22.2392503535
1204.87960713
5589.31354008
71.5181947008
227.076517134
7411.95341598
738.494104541
38.5936119723
2021.45327704
1391.41269824
36.7272325993
32.6834384117
1154.72618448
11850.171278
109.357364351
687.865691648
6163.3557027
553.435995879
331.194141704
13086.3501179
144.984326104
308.54417543
2090.35964656
530.113153976
303.328008558
20.7013191873
86.0141710904
1347.93674682
904.601198208
20368.143666
88.5035976362
343.389478417
5131.68596908
7375.59482261
2840.46152525
808.168984743
1161.69599666
332.116054678
2325.94613122
118.395335808
8948.83820571
1150.86957552
7601.35317196
14188.092581
1049.09843188
2102.05258997
465.151880986
17276.8997541
7843.83301856
8704.54226465
386.274867715
859.348728574
2640.00709402
7753.08475039
3331.94330226
47.8199338951
16655.437306
125.31591557
13998.2806587
811.116409526
405.271858624
310.638055223
3223.72943053
4078.67961872
321.10173843
437.704178482
4092.66375878
2456.66209532
91.2391298945
2927.63630047
10596.3003897
34.0448154311
301.489336377
23.5362384444
15.0363352811
27.2450625938
562.791070512
80.7057335238
548.796229961
1237.32085236
29.7130694927
2263.40903624
32.0179083406
6388.73805219
5490.59808063
72.6389267713
3599.57078152
16.8241935239
2142.76555726
46.5993630854
479.535529339
373.725909133
10526.6438668
446.582928031
661.356770153
802.845840179
92.8297956791
214.59178
2519.94917225
9623.68955141
2080.96510982
4637.52197963
3242.12869418
6165.86210538
1279.38839959
349.356733391
2983.37623831
24.8703109838
5581.4380544
110.941474909
4214.8000263
19.9385606274
637.92344265
5464.78884877
393.863076478
1324.90127778
252.07072868
1261.6427761
496.190207795
163.141174067
189.800593281
26.8862296788
6426.61599951
860.791203155
1686.4210765
5646.14612098
2519.70161845
4441.81517985
1692.41601875
1371.25603295
232.906841017
515.816786491
73.1587559505
194.517638411
3430.22918698
18.6115775788
117.49778776
541.979916252
1387.21141177
2350.94903606
2772.97401901
336.468994238
899.241398523
54.4316366324
474.240382841
1163.10840389
8423.38497862
1145.34086499
7760.51736289
36.9174314298
8522.06908581
16.9018225188
4494.67340174
126.856731545
196.36228017
16784.3906202
3105.09743309
20.3629136139
235.700969311
1393.14864127
12448.4578928
366.503491035
1340.65182921
1396.49269922
80.1757862666
767.339073613
17146.2649715
108.407531405
1533.56841079
1048.80364743
1047.09432019
1014.3828252
5519.73462297
2507.01873407
1377.25050072
3136.55984551
1378.46008903
13183.6892725
4360.27251749
231.869693059
12678.8889248
370.754523224
2603.13498885
1961.82575792
1817.71642323
6778.59925024
926.382951566
1603.27417244
32.1304650419
558.964488736
10.0
3721.41361366
5486.34470689
5796.68942288
106.352160929
8321.5453553
1407.70792696
76.9607909244
138.048068336
288.281397854
1004.26147242
349.362666819
9212.0891095
1771.7756615
7924.99389561
3043.72630864
4953.26317566
876.268333311
95.0700786809
465.041623619
119.21354847
1699.12150413
495.300437769
437.601839513
2514.70225121
1910.45830695
510.223849519
310.130484313
8496.69831208
20547.3475426
24.2978508568
2164.99765385
329.906236034
17.2719530491
580.308315543
2452.67550807
1183.83654882
3411.50635209
93.7866454764
73.793473415
110.27947474
10541.7341394
25399.5981886
482.898655539
9901.99088186
273.295059677
3939.17237385
14.2544007216
717.352441161
3560.17746396
1365.60030482
702.176714141
5104.47798611
1106.30139565
26.8253480009
1706.47714048
21334.9293921
163.8221668
216.071991891
444.096021112
819.949690697
2224.69864548
105.928440443
143.508545902
41.3248449103
487.492973469
53.255043952
3713.97883397
152.523682626
484.253323795
43.8892961131
551.956813453
755.792011895
1487.027728
18646.1711583
438.640858078
3011.24959609
3263.44543311
2218.78815997
3471.23114977
89.449128222
5451.70611014
1314.0384092
1441.5285511
3077.87991219
1958.93198859
10003.0483279
9709.23549692
82.6705717679
325.652061085
911.26107395
11643.9155739
912.830231317
208.75830745
13528.9997914
125.801640008
5597.53984954
2620.6173814
48.7795604214
378.812961393
3408.22726924
1056.67121857
434.902125609
57.7465479772
3876.14656655
1164.93583646
3036.46866036