44610.2787347
225.306137858
12.9064538126
465.0135154
140.245476045
2969.3086914
376.095361593
1877.49277956
325.468289205
6183.3086404
226.051071682
123.179593827
8826.26558308
5603.08794742
3877.2895146
4712.33753939
4143.27522633
533.038695231
13649.2940988
10.0
478.140678396
1450.65754049
2386.65064991
8941.96995314
8143.02672945
2051.47824652
4126.9143657
7210.7886896
8335.79920442
1424.20234433
3123.69517668
20072.1864927
3041.18033255
13881.626194
4072.12154091
1215.98337771
1309.78725643
9798.06353523
15276.338319
1829.48050425
4793.69019253
7921.2290944
110.232449443
219.080783828
9518.73620678
677.816380665
67.3231386944
590.750413862
295.56264646
4413.41898489
1437.28484636
13249.4811063
1007.8501784
345.074150581
194.436076321
38.196009378
2258.48006808
7919.54521658
12426.0692719
1725.78782002
1180.00083322
7238.11993685
5067.61703649
798.137093979
1413.45809783
27906.8208934
7393.8503351
2224.16819802
55186.8064477
33251.7963685
495.38381973
283.047451603
802.353060002
596.716969616
136.170179015
22884.8648772
32358.0540551
7426.01332215
7074.92779039
60.7729703178
30.8306833389
80.096278434
16.4305507717
7684.08491627
931.652012771
2019.88945289
18224.7734046
8478.69709468
796.549550564
146.570368371
304.903795478
591.055645518
66631.0152077
136.648612266
3813.34431628
5314.77815089
6420.76297924
4303.69506836
13.5780833896
59.1731900335
503.297503587
26244.6002738
3505.06918771
295.16776168
684.669415552
2125.13216795
972.046649574
3333.23736228
427.498238002
478.141605619
53.9007021642
406.440219093
4107.12038522
1067.99600655
14924.1067709
3243.34825806
14523.8276694
451.939957215
1044.77513482
148.145663494
14501.1522085
10090.2814442
973.694200964
448.584068064
541.550093685
30935.4062738
4760.50144219
97.2888987381
7469.07212998
1782.32785409
138.516505604
142.030541343
2571.39611021
1848.9017871
4278.85662025
5220.42158866
1955.71331771
1912.38498796
3521.40309312
324.878465387
7139.13073498
21598.7138092
20.2672645877
2047.30719738
12755.7231747
505.944541076
6032.86286433
2304.97770457
19788.3718247
3078.71965671
5558.81110762
210.977398347
365.673303744
395.927861502
1422.92263921
411.439096484
15886.0306111
62.3767004731
48946.3481914
850.407251529
5273.51379082
1326.36079606
1558.91182464
8457.91372681
118.895607681
13.6100511094
770.241082104
1234.74302872
2154.8292977
2245.83555329
8879.90958706
23565.6305513
4635.96555092
5993.82427175
537.691311181
19.4845324305
7750.27058011
18046.785642
873.326301984
118.852424861
19017.1161051
5413.42967794
528.549442326
5239.03308195
43.6911583863
392.889230758
2124.3841857
25.3812224979
148.969083141
76021.7336185
115.081127601
2801.80532456
6755.47259574
1768.70759733
6647.10153939
1425.42976456
2091.82824921
1167.73989652
38909.0129158
6598.00238561
3735.62947505
19149.2875661
743.074794799
7322.30356476
63.1952525734
4393.1346068
453.174632531
5727.01119787
464.322533574
15068.6305321
435.352979649
6065.97002126
4961.54828204
243.387921109
50312.2216532
9932.14198758
621.25585835
147.084676993
1680.37928457
809.767839525
222.485142247
2742.76223812
6000.26740292
21589.1996514
6474.26507618
201.83212841
1115.28309557
5261.01169533
154.727633453
4088.17011511
67.3058011311
32548.0309151
1054.81261129
432.132874886
280.170791842
128.324863088
134.877443251
16162.1484246
2208.92721334
585.813267404
24572.3061629
3092.16491108
657.084553109
757.757497789
10.0
85.956434701
1655.52460252
636.203199595
5006.30802134
190.063498512
72.8190715508
2154.66200861
4629.28337966
5205.5929382
8292.8359918
4632.70049824
318.559783328
61.7573309547
902.237270575
419.945415676
1917.98065145
1894.29527061
48.6452554321
8683.35320337
822.77078115
18478.1158349
531.254368738
209.193912472
5444.98390086
3620.80155603
5792.73021823
3038.58070941
90.6104230373
11873.2289729
1068.87001464
4591.92759873
22429.8233121
12085.8930145
123.852025625
246.416298896
305.468984212
1074.17239325
1731.21696461
4486.64337625
3382.79376957
3212.72147018
8147.00837523
3203.70741963
10193.3053439
1129.2469977
2945.49381201
902.005112348
79.6394576869
7006.68972495
7575.76356664
15494.9153513
15175.2688238
24303.1897183
2728.99170371
1477.14672292
2086.75066691
125.067771878
5016.36436748
7635.64890549
6450.53546493
288.845067168
296.293397322
3005.44580672
335.506376504
2385.23657142
1411.16660964
3480.10507098
3933.20591914
2554.37372348
11641.9776661
7396.92140765
17.4851019919
13161.809343
224.709921567
13432.8670942
36.4450155128
1902.9806902
577.046486119
55.7062969238
865.716160857
4043.79563889
8967.33883353
2117.16384917
10845.7012104
45582.9203271
139.687416971
1983.59528655
754.542284824
740.101753237
2657.16053189
6782.67241527
82.4835831782
622.931880747
2889.31152273
168.206976343
123.796152341
285.778414961
1284.15993508
63277.9767491
9379.01525359
4673.77140879
1290.62763784
750.514840649
11474.5526954
231.121815901
7197.36843914
440.567029094
146.390002021
183.300848143
9875.68705328
4580.83827145
750.777754562
5273.89845178
18810.5815548
4122.59065098
21719.5159008
30357.9777508
210.949520066
18822.7367645
448.71238105
4702.63680793
6706.69356282
297.607160648
339.020942931
426.723660344
1450.31004641
30430.9931956
1077.98469357
1560.94236211
13414.7649584
16007.4178303
7896.60415327
2071.00972121
61566.9038643
157.281817736
2164.9047641
12892.6487429
1371.53003535
826.018945793
3197.23513772
2720.14168925
16504.3853692
8872.43643549
13726.9532162
5820.06653433
764.912065981
7064.08331828
5177.18749759
3921.70088887
1113.51003117
1391.62193449
10214.6558675
583.711085752
4822.6410572
2732.34926754
5854.06258811
2662.90303473
173.689251835
3219.08483518
394.620215233
3501.67310936
50.491542834
93.0938541614
626.24204259
10.0
62.4015121258
1717.70099819
1718.5448239
780.685541851
480.75479183
784.502432881
245.808931602
203.132927696
28943.8254896
6890.18879974
85.6435234377
142.280797058
2257.99686309
483.383273818
11925.5644816
2168.61841499
6957.4125552
71.3959497289
180.959847907
638.080633894
7772.85117546
1564.46118631
1899.23954303
10.0
1382.97879394
1636.26943987
2810.67251531
13509.2692661
3786.09589975
1288.90673984
1845.94070588
2271.44943118
8889.44294484
71.4963975058
2185.6496092
14899.9927128
2551.48649104
4828.50342202
1416.86684114
262.572743268
53.0891451626
10927.710638
441.844564732
8069.87492418
472.802501586
14988.7503547
21.8370919362
20468.2947751
446.705690074
1349.10277904
6185.6893841
76.2669430103
6946.11642504
2336.27712003
5714.51668977
32.1762249819
5733.08061521
620.512791223
639.062626018
113.064583698
2035.52740151
8391.69564273
845.440373832
13508.1876244
2253.96273184
9624.86033682
2824.96951944
8354.51531553
125.879994427
20892.7665354
2094.46126115
3666.77058228
7325.56453997
12194.0719183
7687.69069306
8687.36003613
3850.0610034
9490.19601521
308.477597238
4616.03364811
40.1806010022
884.392021886
117.83777248
8321.6157649
27.1730243688
4514.29839791
141.73254343
1305.18383698
10.0
1511.86627741
596.868144135
6264.27864383
137.294004233
9262.33902313
3334.13627636
206.907679842
9490.64660414
10713.0952207
7996.17614041
2767.71036879
28714.81048
53.0113369884
21906.3807256
1988.67806665
317.548494431
2879.21937416
388.460449966
3972.20825822
16.8079533244
684.53544482
354.255255918
32115.5574834
272.350710714
169.956270568
713.488112354
806.082574111
455.746765286
43.1540437545
1093.58865299
5626.68997688
17402.113227
5967.16495096
17503.2359933
2883.87224539
533.141884045
11937.6057003
4462.05952195
1146.24414129
32.8752808063
4359.94564138
83.0447789372
64.0696565579
4583.99887819
3001.09332585
194.184194028
444.294319348
958.910883066
382.1730173
879.859976455
86.1963153427
82.6945412007
14532.4073094
1067.27810868
6169.99418702
30.7963073095
712.215788856
53.4090862805
1818.90204627
2978.06615698
1429.56988892
788.307116002
76993.5452029
2145.1247187
2301.34752803
3768.71847361
8564.06675286
248.446224466
100.538788515
934.062376986
42.8122361481
2279.65261995
3512.38934415
10.0937052371
248.47095464
232.431263212
544.047541463
2532.61105185
3025.67198699
551.440413007
1541.13286125
400.905509881
416.911300444
634.930876447
8476.19057577
5939.74452193
1972.50261296
360.964383881
13057.7570664
461.750852247
559.171770213
780.389600984
793.362800667
1299.82192819
85.6883358944
2559.25770428
4443.02242179
148.756979391
418.155068516
66.6239802842
18697.4630697
120.671324133
1708.35822059
15259.7639103
37.1929177609
1850.14221297
20334.1415194
178.741984165
346.899514219
575.303293844
15.9388983706
40.8607777375
16272.6937732
5940.5272251
1395.26787172
411.217701688
10184.2739484
729.938070641
1229.78798972
30390.5196401
4916.88393988
19044.1435544
145.570522767
2709.60665651
133.661112004
10.0
106.108597152
6054.22974694
509.110594793
7518.87079231
5442.80968596
59.8889086323
3708.87263663
135.86385389
1088.63418089
498.238346932
444.946993979
8053.51508347
572.80542886
17435.6670518
10.0
155.361679672
696.688089128
1427.55827391
13903.3059566
11346.1960156
411.891351221
12269.5904856
1039.14673575
35046.7590632
7140.19081028
52.1491653553
138.629477431
666.884152324
31.8617593256
139.076721551
121.190574434
1736.81186246
1296.41075691
287.592554553
4348.017893
53.9412998582
175.989837511
4051.69134918
72.8185188613
1333.68087652
757.311837687
8975.14092813
94.3414245332
761.099275671
7263.18841816
2095.06804449
1036.30852498
23562.9898833
5628.53243015
3083.17556393
8383.23107889
950.051293227
5644.37089189
7179.49179515
14066.8349062
7636.66018251
4667.22741922
747.190643195
2365.67781045
47.9152639745
1078.08433666
40.8992610086
21960.3981585
2908.35871004
752.175829253
1413.56918092
22.707825812
304.466500966
14952.363986
20.3270392462
105666.963898
1762.0540067
54.9957001917
54.372489338
18.7372391023
1116.72917258
3965.44431259
5061.3211075
26.0740101692
1887.2696109
9124.25359953
96.326031489
331.602992995
12175.5055824
1137.35594849
48.7923004012
3216.11536161
2189.38796896
46.1573551309
40.4802574327
1806.22074272
19656.5000672
152.433019359
1056.571025
10083.5335194
842.884234182
493.123783133
21749.6816042
206.092074462
457.820101974
3328.88376529
805.948439605
449.701540648
23.9932532717
117.683367545
2118.88222703
1403.37422008
34137.7071892
121.369986213
512.164679432
8360.81189968
12114.4930417
4561.10092833
1248.76912176
1817.47912676
494.562419092
3715.01981454
165.9827778
14759.0676896
1799.99183752
12493.4187307
23618.0125246
1635.80643912
3348.02783667
703.322702067
28868.1678424
12900.6334424
14347.8378066
579.287220472
1330.76780042
4231.05475056
12748.206508
5372.27121384
61.9328611536
27810.5242869
176.388884573
23295.9538269
1253.48785199
609.095920537
461.08032861
5193.44789894
6609.21177043
477.383163088
660.083252386
6632.42106014
3929.63294336
125.426815557
4704.78466244
17537.1186869
42.3863362636
446.840873965
27.8382911189
16.4574947537
32.9256652005
857.712074849
109.839608533
835.532789013
1939.73836959
36.341429512
3612.43391973
39.5504718757
10460.6260416
8959.4687304
97.9699384878
5815.01529029
18.8108186713
3414.7022422
60.1845977635
726.012109009
559.620840419
17419.5006417
674.061755996
1014.33484295
1240.24807088
127.788471436
312.386975839
4033.62647733
15896.0613911
3313.50439203
7537.85622144
5223.84428565
10087.7256743
2007.82464544
521.489381342
4796.70260114
29.6613663251
9111.10512554
154.804457008
6835.19363539
22.9661713008
977.036953787
8916.39462692
591.188834251
2081.54655169
370.183609583
1979.09682177
752.308669614
233.659870534
274.35208114
32.4309427232
10524.0245484
1333.08074057
2669.07324738
9219.14826432
4033.21958878
7212.38623594
2678.84199451
2156.69307016
340.589830194
783.330320048
98.7328785911
281.575590739
5534.78925517
21.1877416925
164.635078122
824.735911133
2182.57240594
3756.05104027
4449.92812682
501.35685483
1394.76966086
71.4479271878
717.656964169
1819.76079551
13874.8081096
1791.06315536
12760.6896436
46.4254734929
14040.8069842
18.9135749288
7300.26556141
178.709134902
284.402190603
28029.9335026
4997.54730334
23.5371603067
344.899516514
2192.20425268
20669.1258415
548.311290011
2107.07327648
2197.62966909
109.057928155
1183.44841992
28645.7937544
151.011839144
2420.27189041
1635.33141469
1632.57701834
1579.88745282
9008.10043828
4012.37465153
2166.41517266
5049.48767351
2168.37705776
21914.6471924
7076.85699619
338.990587081
21059.3597697
554.967131517
4170.40044607
3118.59933477
2883.19126276
11113.47825
1438.35554122
2533.66710587
39.7076241793
851.646080124
10.0
6016.80244109
8952.36983829
9470.59874316
147.938425777
13703.5370315
2215.82750359
104.321361601
195.596559197
426.308618056
1563.59304216
521.498655702
15202.4236015
2808.2301238
13036.9832033
4896.26222247
8063.49518911
1357.90377304
131.117849543
703.148855683
167.211740152
2689.7694871
750.903131305
659.922181031
4025.00262323
3034.64367298
774.486645511
460.289961277
13998.1269721
34443.6001154
28.878075326
3451.12259695
491.114233815
19.4041281207
885.49547777
3923.08403367
1853.25360927
5503.82336719
129.210028059
99.6648159115
153.813247824
17444.9800952
42741.0033337
731.320141066
16365.3522968
403.049693241
6377.75887991
15.4368730442
1103.60289136
5749.80356493
2147.52125683
1079.39077628
8315.46087217
1728.04558687
32.347055626
2701.75759668
35788.46091
234.696292708
314.663208278
670.145586418
1267.6322905
3548.96343827
147.305163694
203.857257605
52.6633374011
738.573102019
69.7494357601
6004.48573616
217.523348384
733.458522177
56.3130593047
840.540364569
1164.99137522
2344.62586029
31200.6084529
661.557544937
4842.68030059
5259.06479518
3539.27452545
5602.61453419
122.771550717
8894.5617411
2063.94536533
2270.7250499
4952.62326997
3113.86843158
16535.8188258
16040.2902997
112.739985537
484.478137186
1414.06769844
19307.6002547
1416.5875149
303.421976001
22500.0244001
177.120186156
9137.98815587
4199.15662824
63.3092730614
567.590708692
5498.40040604
1648.01057076
655.673506123
76.2444252256
6273.24634642
1822.71301425
4884.28713258