168033.593839
622.9864342
15.5000069268
1389.95506595
363.114915666
10078.8717319
1101.35986673
6215.83323611
938.926949288
21719.1869492
625.303048793
312.413351578
31459.2921371
19597.5508539
13335.3688958
16355.3275341
14294.9990859
1613.05853918
49459.1100045
10.0
1432.86608665
4728.59194843
8008.54291715
31888.0874186
28930.9499939
6826.41716614
14235.9062914
25492.2650387
29643.6492617
4636.99099098
10630.2255234
73720.5928867
10335.4114163
50331.7098389
14038.0649542
3918.8382331
4241.72855975
35066.0082685
55578.8059158
6047.74693829
16650.615293
28111.6104044
274.392506774
603.649821474
34028.1187721
2093.13140229
152.10742612
1803.64856174
843.755857297
15271.8989473
4682.27966373
47958.5136624
3206.70812104
1001.64618919
527.533270526
74.4132156909
7555.64482549
28105.3928044
44872.3364302
5685.37321528
3795.28075025
25592.8836741
17646.1645181
2496.45359883
4599.81074626
103610.454843
26166.43231
7434.5752608
209167.679519
124137.862786
1489.33844287
804.121588347
2510.64669759
1823.41491581
350.952204837
84419.7734409
120698.93931
26284.9365055
24992.2855844
134.129031631
56.0015711508
187.780168748
22.7342476954
27236.395327
2947.69487482
6715.39397998
66715.6799301
30172.2971674
2491.11011852
382.055252222
873.414935738
1804.65948005
253896.794907
352.378368462
13105.0152811
18546.0427011
22589.4308941
14874.8478545
16.836975728
129.775323992
1515.29551857
97247.2178116
11996.5239362
842.5034775
2116.00692763
7085.55601097
3084.88006092
11380.1971168
1267.73379462
1432.86912015
115.540952611
1199.41437502
14164.4248774
3411.8355265
54252.2861297
11058.2513664
52745.9281964
1347.29178774
3332.57283235
386.784206309
52660.6304072
36152.7794312
3090.4813961
1336.35241425
1641.09575517
115230.096736
16530.1278868
236.832015953
26443.6123223
5882.85161149
357.950780798
368.452711572
8663.05003897
6115.71681563
14785.0162276
18202.3299441
6490.06080629
6338.10128231
12055.1697626
937.043947596
25228.5190416
79522.5447399
31.1171923878
6811.75336532
46107.1800892
1523.98325358
21168.395368
7719.8303934
72643.2159838
10469.497046
19435.9441364
578.543648225
1067.79741153
1165.39090757
4632.5619367
1215.61286904
57877.0268504
138.508687052
184870.762683
2672.68796158
18395.702919
4298.89035451
5104.18117733
30095.3917745
299.787208207
16.9011487173
2402.64020615
3983.32326084
7190.14532357
7511.01987949
31658.0725272
87015.0011601
16078.2808794
21025.5474832
1628.38144538
29.3713136995
27480.5767124
66041.8258016
2750.13846008
299.660158731
69717.6966643
18905.6248879
1598.28098684
18270.1092474
88.5546844111
1155.56688319
7082.92248622
42.8909659524
389.257866248
290741.343536
288.582179456
9481.9161679
23817.914148
5835.25512614
23419.9347705
4641.23925483
6968.33530717
3753.21887288
145959.20101
23239.694544
12825.2482894
70218.814444
2311.45111976
25902.8791672
140.749780973
15198.4704173
1351.31777113
20050.0901187
1387.69833356
54796.4598504
1293.27134957
21289.5636273
17260.4444254
679.377522116
190182.447842
35564.528866
1904.8237601
383.598680772
5526.97412192
2535.61796614
614.218961582
9271.81999115
21049.121686
79486.3475404
22785.6596741
550.300326407
3573.49992076
18350.1615983
406.590980409
14096.0019375
152.059533852
121429.721577
3366.82471193
1282.79858969
795.028752129
327.633861078
347.101009868
58918.6938023
7380.82160112
1787.3009661
90856.4221854
10517.5369157
2024.00500669
2360.71524304
10.0
204.379247362
5440.35098254
1954.50016632
17423.1791166
514.105916317
167.364455921
7189.55598802
16054.0482623
18148.332949
29484.7639286
16066.4401475
916.886255077
136.81547022
2847.98358068
1243.20519278
6357.71816065
6274.70013387
101.545482247
30929.9105432
2579.43723819
67675.1455661
1607.18409407
573.027997177
19020.6867917
12412.2686391
20290.2162201
10326.1282196
217.653463783
42803.6835079
3414.82051602
15918.6018066
82686.2365131
43599.1074074
314.399104133
688.853455396
875.211502648
3432.93217202
5704.32382973
15537.0671696
11557.8273567
10948.6348853
28945.6651307
10916.3801314
36536.163776
3621.30253914
9993.91860021
2847.19723975
186.491935057
24741.2819101
26836.9079306
56402.4261368
55198.0815372
89829.0590025
9222.84466611
4820.38521603
6950.4703036
317.991942822
17459.7483255
27057.7414383
22698.6202828
822.46704406
846.073745927
10207.8308125
971.008230735
8003.54076435
4591.88273382
11906.9114755
13536.913216
8602.66396568
41939.2263545
26177.7469232
24.992323328
47629.6382294
621.132727381
48646.6420446
69.974748591
6305.13778586
1758.29207038
120.395039039
2724.40990898
13935.8256635
31982.1268432
7057.50280205
38966.6596899
171806.953763
361.447448299
6587.92191232
2349.92308022
2301.48202821
8967.53206027
23917.8353581
194.526088339
1910.39064217
9793.60820452
447.381450856
314.23406559
812.759939735
4153.40562351
240770.597497
33509.3158704
16215.4053456
4175.68860229
2336.40799376
41313.6867911
641.087562383
25442.8636021
1310.23910873
381.514092104
493.388868001
35354.5966676
15878.4010288
2337.2901505
18397.1041805
68934.8342106
14220.2911347
79982.182151
113012.268181
578.457402967
68980.9014333
1336.77059166
16320.1284098
23638.7528509
850.24190753
982.255922077
1265.21702641
4727.38826594
113292.649718
3445.95672532
5111.23739364
48578.7040348
58334.9016763
28020.6887829
6895.09862331
234078.690536
414.29740248
7225.64319097
46620.3686809
4454.84182236
2590.38896596
10893.2226342
9191.37439044
60210.5105984
31630.3781328
49750.7359723
20390.1256875
2384.73881711
24952.3904716
18044.9123007
13495.4360966
3567.43221318
4524.28631659
36615.6308148
1780.34269279
16755.7414498
9234.78506018
20514.3974666
8987.93307282
464.053371928
10971.4068102
1161.16264256
11984.3318069
106.438619349
224.767834657
1921.38772527
10.0
138.576562367
5657.15062658
5660.09526878
2437.74424935
1441.41978195
2450.57901541
686.952278397
554.311511018
107585.471356
24312.9360827
203.489581555
369.201530161
7553.93931523
1450.02329163
42999.393605
7238.72882197
24560.072873
163.39974046
486.231854782
1960.74426328
27563.8996162
5123.4664309
6292.02639211
10.0
4494.40708098
5373.28180045
9513.48367384
48933.4121861
13006.8993085
4169.75914417
6105.35177813
7601.42671976
31693.4028086
163.679267242
7298.75258234
54161.5046691
8592.42322164
16777.0315137
4611.60526575
739.550492094
113.366523355
39272.5085192
1314.39839848
28660.6408733
1415.40762755
54495.6689772
34.66704063
75224.9554263
1330.23153721
4377.37981171
21727.9066438
177.00847836
24518.5390543
7830.42557845
20004.4478476
59.3115852221
20072.2628382
1902.35594022
1964.01064105
282.6733456
6770.34681367
29850.4029387
2655.91722319
48929.3519844
7539.70110599
34422.3312305
9564.38960834
29712.8728251
320.394135106
76837.9416648
6977.60001806
12577.539776
25914.8896373
44003.8895303
27249.6965185
30944.7490736
13237.2649591
33922.1257027
884.778829763
16006.0023025
79.484908955
2787.56988515
296.676224105
29591.1935742
47.1452861902
15637.2545944
367.56119484
4225.85729779
10.0
4940.80973561
1823.91588001
22015.8098592
354.302951251
33076.2662628
11383.4183148
565.962949036
33923.7990306
38472.2642725
28388.3899572
9360.57307879
106707.284635
113.158293697
80693.319834
6605.76782203
913.662570245
9757.64177475
1141.2570937
13677.5543293
23.5379825958
2115.55961268
1031.09889428
119766.294262
770.343959073
452.696223016
2212.33751059
2523.20536106
1359.70702354
87.1592981999
3499.28983202
19683.7140527
63602.7206994
20928.0151269
63985.1486022
9774.22308982
1613.39829719
43044.4257507
15448.0241827
3679.52656151
61.0413929863
15078.3538716
196.115168663
143.147943127
15889.8584394
10192.2953772
526.759118753
1322.37615444
3040.23792042
1120.95971714
2772.23670389
205.061519979
195.12329194
52778.2030605
3409.38378605
21670.4236021
55.9173533745
2208.08013224
114.223198229
6010.73766078
10110.1181866
4655.56997954
2463.3759591
294560.725266
7155.96057333
7707.00720933
12944.3402022
30488.2560678
695.210029558
246.216451353
2955.87264276
86.2727159982
7630.38945864
12022.8052338
10.168984132
695.287494177
645.167987708
1649.3273859
8525.4850857
10280.0359427
1673.70711396
5042.41569392
1181.49415995
1233.35926285
1950.26916457
30163.0218933
20827.7135857
6548.98155649
1052.65336971
47239.4005844
1379.30105772
1699.22311643
2436.74924781
2480.38556545
4207.37420823
203.616969424
8619.98802831
15379.0835339
388.620561731
1237.3948452
150.177346499
68506.1651159
305.015482498
5624.55191449
55516.3658004
71.8662424336
6120.05903949
74715.368516
479.45837726
1007.49782761
1752.52687824
21.6948557998
81.2326638689
59335.8757917
20830.5764297
4536.89278726
1214.89519336
36502.5503042
2267.41756811
3966.28620684
113137.22782
17098.1074425
69820.1611556
379.056133747
9153.91745806
343.480562684
10.0
262.373404563
21246.5930701
1534.37793815
26627.1621478
19012.7578229
131.721203386
12728.9749164
350.039322494
3482.35187283
1498.6985606
1324.50207839
28600.199023
1744.26751073
63729.6081388
10.0
408.502973987
2156.15514291
4648.60669538
50413.1574557
40834.3029716
1217.07897779
44286.527804
3313.37341794
131051.748313
25232.4201523
110.853858489
358.288028178
2056.66540478
58.5356702342
359.623404468
306.545741963
5723.8556741
4195.61733902
818.501492104
15035.1932397
115.649848343
471.062913883
13964.3217913
167.362914328
4324.14754209
2359.21919964
32011.0499676
228.349623883
2371.93477715
25685.1829442
6979.73515872
3303.69370694
87004.9303371
19690.4407579
10485.4171137
29819.0907885
3010.1454277
19748.2692801
25377.0623556
51027.6314749
27061.4711113
16191.6670423
2325.255696
7934.36591684
99.6182568234
3446.29718109
81.3316900716
80898.9213807
9861.50177814
2341.98139203
4600.1950824
36.661949985
872.025063994
54358.6706586
31.2512014445
407712.162104
5812.00957965
118.482058059
116.807138079
27.720561299
3578.44896465
13653.1601721
17623.2614329
44.5287686628
6250.08331809
32563.9765263
234.05795835
958.525429881
43934.4105983
3649.07477198
101.934208833
10960.780047
7311.9303974
94.9952805135
80.2543095228
5966.38348905
72142.7703844
399.677264817
3372.82674176
36127.6724908
2647.28833138
1481.9299464
80096.9701013
563.444003896
1366.47149709
11364.5967558
2522.75362815
1339.99454871
39.6382214681
296.222363651
7063.55214612
4564.9272183
127549.048953
307.074626605
1544.40860369
29736.1625349
43706.1119761
15806.8581554
4031.56669528
6005.7601981
1486.64562466
12751.0907391
440.630616585
53631.0546082
5944.60207866
45124.5404677
87214.7788186
5371.66950521
11433.2019068
2178.33394931
107295.33202
46650.2998786
52084.0139242
1765.70421053
4314.09551428
14612.1867532
46079.0128326
18755.5758259
137.295106058
103241.532082
472.27953643
85986.6846238
4047.80264168
1864.459796
1377.11206948
18104.1119954
23280.8396657
1430.38792638
2033.99636544
23366.038927
13524.0317054
319.053650429
16327.9216849
64113.3009197
85.1695707383
1330.67199471
48.7396338372
22.7914622314
61.1663287307
2697.36184812
273.245562742
2622.47912974
6434.01751716
69.7132911031
12382.19299
77.8700323294
37531.5032909
31952.952408
238.795886065
20371.6630736
27.8823748427
11672.2517336
132.52602133
2254.26606828
1700.705817
63668.4722281
2080.60370209
3228.79619671
4002.25511806
326.044369623
897.220135664
13899.1274608
57914.8593102
11309.4935533
26697.1497636
18214.7940921
36143.2701409
6673.00943845
1575.05570325
16661.5528955
53.1469345091
32515.2090094
406.822608489
24110.814545
37.2571960935
3101.84749562
31793.2912378
1805.10060642
6932.16196027
1082.31458898
6572.12914978
2342.42716189
648.998086551
776.65671051
59.9410974384
37767.676456
4322.07659679
9009.85549855
32916.0048623
13897.6591615
25498.1459847
9044.56736641
7196.71125399
987.279355328
2446.63729569
240.99764817
799.468360532
19348.2847398
33.1911348811
436.543871546
2586.0627368
7287.90604953
12898.7438099
15404.0905354
1508.92790096
4535.17004787
163.544377703
2226.28992132
6013.74169992
50306.0960941
5913.38559607
46125.7912446
95.6987014608
50929.8151783
28.1086202786
25821.7157525
479.35810613
808.406052156
104082.162379
17391.3234482
38.5780629162
1001.08646518
7321.85847547
75987.9951987
1663.38579192
7021.98421256
7340.98583656
270.964592968
3807.11159946
106442.668016
395.399829554
8127.50920529
5370.0153608
5360.42432969
5177.09180844
32133.2428145
13822.4452214
7230.96524191
17580.2168997
7237.87833416
80724.7828108
24999.38304
982.158740654
77471.2443028
1685.34391567
14392.989458
10612.0101426
9771.79622559
39965.5753687
4685.98698597
8529.22966075
78.2723875069
2676.87166267
10.0
21109.6241696
31926.6375412
33849.3507699
386.161830735
49662.79823
7405.15648034
257.179166721
531.101019515
1263.86858166
5120.4492408
1575.08620091
55300.3651648
9504.78829062
47161.5013507
17023.1730572
28637.0703112
4407.77087195
335.920435804
2177.75265591
444.359784577
9083.40252893
2337.71083361
2033.45962926
13868.0085387
10312.0697255
2416.90665878
1374.53208712
50769.4297411
128727.426694
51.2466506766
11802.9044384
1475.34424615
29.1929329049
2791.30378559
13500.422279
6130.95130616
19235.304655
330.258250366
243.689559559
403.834826811
63764.8276634
160787.641328
2272.04823086
59685.6185429
1188.43473448
22431.7448481
20.6428342224
3533.53687562
20133.3590236
7164.40188402
3450.76110095
29568.4313554
5693.25371782
59.733677851
9126.01409257
133911.385098
652.230244992
904.468992425
2067.54101452
4096.48688778
12154.1461933
384.260504961
556.545962805
112.227508082
2296.35703395
158.824729367
21064.5562338
598.818836333
2279.21384459
122.031151151
2639.37718222
3743.79273965
7859.93559738
116249.073156
2038.90946428
16828.5207207
18343.0699697
12119.3475137
19595.8227051
311.208871998
31712.3733771
6870.25407268
7598.86937246
17228.0015043
10595.1002657
60329.1991315
58458.9145513
281.723191552
1453.60780622
4601.9199187
70819.1730272
4610.63872716
868.705763441
82953.6134058
474.509740843
32614.9201735
14496.8966752
141.062254797
1727.03126033
19215.5210278
5414.17422274
2019.30440176
176.945322265
22048.6697658
6024.06948048
16979.6634907