96034.9227807
398.603915702
14.1733992232
863.583696434
238.283195513
5976.93714304
689.54752305
3719.46107572
591.171976598
12722.8746074
400.023490969
206.666538585
18332.932677
11497.482094
7870.76039589
9621.82946688
8427.66056915
997.606022076
28654.4410515
10.0
889.392711648
2845.54952311
4768.9194312
18579.4220111
16878.7852241
4077.32044862
8393.38092261
14898.8181554
17288.8199729
2791.60198329
6298.06658275
42507.7870984
6126.38314722
29153.695753
8278.60075626
2368.05654453
2558.62466734
20405.153938
32154.0362501
3620.86092299
9792.82520773
16407.2618457
182.850307225
386.749457031
19809.0820437
1284.8300906
105.345747669
1111.80571723
533.356970709
8994.11456658
2818.27633137
27795.6731614
1946.84280858
629.19882202
339.985293399
54.7775581969
4504.13132564
16403.6831003
26028.6409142
3408.15506656
2295.06928382
14956.793441
10369.0684999
1525.17787312
2769.70041803
59515.7239147
15287.2176896
4433.31135564
119284.913428
71169.2316615
923.334504454
509.235691037
1533.62253651
1123.63581998
230.712064397
48602.082759
69218.2240588
15355.4785348
14610.6980299
93.7789424993
42.4666076311
128.137502107
19.4534453343
15903.4169609
1793.27606262
4012.28533182
38513.2889889
17592.8961168
1521.99837109
250.058002983
551.389875459
1112.41080838
144523.635258
231.600245785
7737.00764285
10889.6058615
13225.0986241
8763.93966034
15.1634614603
90.9682462778
938.926860138
55899.2260756
7092.95356559
532.595192786
1298.48305541
4229.06149181
1874.63884142
6734.5370068
789.981720584
889.394535594
81.748886443
748.775895251
8351.9123342
2068.31452478
31395.7954246
6547.21667655
30534.5362597
837.907559233
2021.39159124
252.995110175
30485.7600749
21029.1000684
1877.9596165
831.321221773
1014.42136632
66114.5553044
9723.0575456
159.21292495
15446.8737532
3524.09432871
235.06955556
241.603436611
5151.22286555
3660.73701859
8711.85303577
10690.8198256
3880.24291931
3791.16003175
7127.04595846
590.029436588
14746.838735
45813.5617462
25.3987028791
4068.73154966
26735.8101561
944.144367383
12404.8913736
4600.1472697
41893.6654761
6204.47492986
11404.0824544
371.343120508
669.248861817
728.236757875
2788.99312491
758.550152844
33467.2837335
96.6024238777
105556.920562
1629.97658557
10802.6622921
2592.33719151
3066.58778499
17548.6640417
198.768667245
15.2107943746
1469.33894885
2406.13430437
4290.28262195
4478.02967273
18447.2043392
50079.2090796
9461.36339297
12322.4070744
1006.79665044
24.1719686099
16044.0051551
38128.8235557
1675.9946258
198.689141501
40225.6331453
11097.5240196
988.740873483
10730.0233834
64.1188424779
722.303864281
4227.51980235
33.5558227542
254.531046731
165285.778433
191.750659572
5628.98938393
13933.6956983
3496.15573915
13704.1846166
2794.10431456
4160.43164551
2270.21415468
83538.5576539
13600.227376
7574.5242424
40511.4001654
1415.02502361
15135.3934369
98.0457333959
8951.55273832
840.331230724
11758.9774045
862.225930538
31706.8678756
805.372204301
12474.8522827
10145.8529794
433.122172012
108559.303713
20691.3936012
1172.33345727
251.016730683
3315.11692645
1548.4780092
393.23014685
5506.46307383
12336.0199072
45792.9449068
13338.313142
353.990556393
2163.96415432
10776.3234849
265.28542036
8312.21566774
105.315014202
69632.8602755
2041.67066473
799.061456555
503.697887873
216.173647483
228.31307077
34062.3425354
4401.86292929
1102.01986684
52264.8855702
6232.45031186
1243.55610224
1444.37229824
10.0
138.683475824
3264.22105963
1202.0298569
10240.0343418
331.717763408
115.117090955
4289.93769047
9447.32624284
10659.5867353
17197.4183701
9454.50448191
577.795141846
95.5112991372
1734.09869062
775.193184669
3802.66168067
3753.98358034
72.6335829292
18028.5724594
1574.54004667
39060.6449331
994.082096459
367.956129678
11164.0455346
7334.59255972
11897.7041901
6120.97610918
147.093980773
24843.5201894
2070.0812665
9368.8619356
47615.1705035
25299.2820798
207.907713437
438.915334604
552.481735383
2080.8005709
3419.28344821
9147.79521248
6837.86009967
6483.42184501
16887.252329
6464.64860325
21249.1646108
2192.23329915
5927.4372671
1733.63186938
127.317601859
14466.0296302
15673.3810147
32624.7288568
31936.4320462
51680.4257419
5477.89584694
2899.59444856
4149.97071659
210.152744063
10261.19704
15800.5476913
13288.0969841
520.404089165
534.766789554
6052.06774395
610.629873989
4765.9960456
2765.02995875
7040.85538269
7987.76188008
5115.96755194
24348.1053419
15293.7352855
21.069680627
27607.4270937
397.467903234
28189.5112899
51.8271116831
3771.83193264
1084.65060368
84.8981992052
1660.71023523
8219.27759775
18633.4750225
4212.63847625
22643.7308707
98169.5656576
237.245684986
3937.59612114
1437.9442093
1409.08495564
5328.93966008
13991.3125793
132.427495519
1175.66203682
5810.70007332
290.541985467
207.804567348
514.495316754
2506.52022303
137121.193045
19511.0558512
9540.79029322
2519.66725543
1429.89353534
23989.5474463
409.692360128
14870.3526969
815.594500746
249.721824346
318.950141614
20570.8602877
9345.5720391
1430.41904421
10803.4726991
39779.1593128
8384.3223026
46075.3497893
64855.525031
371.290166535
39805.4332208
831.57301685
9601.44386001
13830.3803703
537.301779495
617.448343677
788.464614421
2844.84072882
65014.7058462
2088.50852681
3070.73805466
28150.6306727
33728.860407
16354.9280388
4117.54520174
133346.070162
270.062505647
4311.05840336
27029.6458734
2684.27834718
1581.05250796
6451.16980209
5459.53822952
34800.1584351
18431.2842942
28821.3034761
11955.4187904
1458.67948246
14587.705178
10599.7628406
7963.68514696
2160.37544618
2725.20331916
21294.7760565
1097.85405066
9853.69311287
5484.86084356
12027.2022162
5340.84420162
300.845466479
6496.67536737
725.683369513
7085.86569075
75.8267842525
151.593854747
1182.23693662
10.0
96.6461514522
3391.58089571
3393.31024056
1490.23774511
894.5354788
1497.87744735
437.753200569
356.456425252
61773.8634087
14219.1105643
138.119079282
242.069102593
4503.13379176
899.707573947
24955.6661006
4318.71665285
14361.5779125
112.581494097
314.535965466
1205.76155303
16091.9754436
3077.93063141
3764.14368585
10.0
2707.59610047
3224.8060512
5647.39617891
28353.6225543
7680.02867992
2516.1689621
3654.65654316
4530.90749035
18467.5136361
112.760342928
4353.84257472
31343.8979535
5109.98835133
9866.01947895
2776.64844251
469.876301286
80.3361917691
22819.1550886
818.099861286
16723.2407364
878.89416943
31534.927028
27.8777583318
43365.1551773
827.635502279
2638.61694121
12727.9079217
121.274999997
14337.6359652
4664.8076955
11732.6065818
44.6949628865
11771.7879299
1170.85782697
1207.71356915
188.046204767
4044.47745231
17407.7507665
1620.00906882
28351.2990715
4494.80590155
20035.5050982
5677.07738941
17328.6403965
211.653331494
44284.2502456
4165.85648891
7430.62305598
15142.312641
25531.1814222
15911.0755176
18037.1044125
7813.80074875
19748.1982881
558.295384912
9419.49406538
58.1374814334
1698.22689698
196.821050825
17258.6444964
36.4638637588
9205.85150509
241.048993725
2549.26296935
10.0
2970.47305736
1123.93561374
12894.0829636
232.798655145
19262.2531766
6736.4108788
363.616441987
19749.1594844
22360.1326587
16566.5627664
5558.2275374
61275.046332
80.2008434039
46480.3529015
3948.05372323
575.838025175
5789.7362215
713.660000341
8069.39481396
20.0301612447
1298.21610719
647.037438114
68689.0211074
488.656419829
293.82775519
1355.94755106
1541.09403973
845.381145688
63.2007209789
2120.06624742
11547.2759599
36736.8806859
12266.0855358
36955.1573195
5799.40114346
997.80982629
24981.4697073
9096.19308887
2226.65728387
45.8565901082
8881.92349572
133.437225758
99.589120294
9352.20984091
6043.01757045
339.508787225
822.904827155
1848.16894731
701.395303807
1689.12042622
139.116242006
132.807005815
30552.9919234
2066.86338121
12694.7262656
42.409811442
1353.40885278
80.8929072155
3599.14587395
5995.14223454
2802.54520513
1505.49393426
167436.762713
4270.27402146
4592.64926914
7643.69590335
17774.6069135
442.800343097
165.130095371
1798.12794612
62.6169929343
4547.84559909
7108.23184781
10.1313097173
442.847682416
412.190845412
1019.35722357
5070.90323355
6094.12853087
1033.97301064
3030.2553856
737.959470902
769.255257949
1199.50113227
17587.5615148
12208.1617612
3914.77590228
660.085150865
27384.0407231
857.173302168
1049.26557442
1489.64545575
1515.61663697
2538.35999124
138.1998987
5126.08222951
9056.23820078
254.135361761
771.689175014
104.106857583
39534.6647808
202.040324357
3372.43527535
32118.3494175
53.0856727862
3663.28426747
43074.7491406
310.35667497
632.74390295
1081.19800689
18.7051140852
59.2927047704
34300.6314241
12209.8150873
2732.6315188
758.117162247
21229.8712799
1388.78420748
2396.07504568
64926.468717
10051.8913469
40284.0660535
248.194714358
5437.68732029
226.057061807
10.0
175.299365164
12450.0421866
950.386222806
15552.588555
11159.4616566
92.2249778266
7518.60034674
230.143484055
2110.04474253
928.957726989
824.185160031
16688.4583942
1076.25134499
36809.3050549
10.0
266.470880265
1322.43850324
2798.44383463
29200.2912606
23714.7279754
759.434673885
25693.0917594
2010.02294832
75090.257713
14749.0868156
78.7022016429
235.279467705
1263.060154
44.1732734082
236.110583527
202.997557564
3430.75258305
2531.42435206
517.990434944
8856.9024776
81.8196023404
305.174312131
8235.8126781
115.116105513
2607.23100243
1443.48124771
18650.0994314
153.857402934
1451.05438631
15009.9729883
4167.10668136
2004.29084461
50073.4778657
11551.1632288
6213.74595352
17389.7396703
1830.32238738
11584.5808916
14832.436601
29551.8026246
15802.6953204
9527.04088022
1423.24970339
4725.56594852
71.3739101742
2088.71000284
59.3581198358
46597.4396878
5850.2706495
1433.21360051
2769.92683058
29.262858325
550.545147862
31456.611684
25.4926489969
231071.246792
3482.5096733
83.6577616421
82.5709494689
23.0070121474
2166.891163
8055.23634997
10355.8161423
34.6774482825
3739.54760856
18967.8794362
157.462231434
603.060580167
25491.3785507
2208.65426858
72.8875232759
6490.49051273
4361.55369957
68.347406924
58.6461972993
3573.11870067
41608.3743501
260.9974517
2045.22386167
21014.6877079
1614.88015192
918.883244217
46140.72545
362.06884011
849.452558099
6725.46169152
1540.82530239
833.514187527
31.3197378852
196.536858097
4216.17998285
2749.14931545
73104.0296872
203.328358243
956.408693427
17342.0374315
25360.5870341
9304.12268294
2434.61521727
3596.22522068
921.71662511
7531.44759206
286.366783599
31040.6357844
3560.33627819
26173.0887753
50192.8994602
3223.85845376
6765.37070259
1335.66855669
61609.0660278
27046.7825277
30156.0104603
1089.08918836
2601.30362342
8611.63136938
26719.6815129
11010.7680693
95.8204392136
59306.1058209
305.925469917
49493.9715828
2444.19903725
1148.19331545
855.856088034
10634.00752
13623.9594621
887.902643073
1249.52332832
13673.1000297
7980.28448874
210.81600981
9605.95738794
37028.2994106
61.8902548082
827.900737835
37.5492946008
19.4945542287
45.940414763
1644.63929784
182.130234959
1600.13222445
3847.39227275
51.652998489
7317.1154458
57.0689102887
21820.382375
18616.7060027
160.451875041
11944.753756
23.1214354063
6904.40723878
92.744527044
1380.94509752
1050.15406736
36774.4102878
1277.351936
1959.92885432
2417.31152609
215.181480066
565.853250631
8197.98259509
33488.8975876
6693.40482238
15592.8955352
10698.0292184
21023.6413782
3987.45335889
974.804612635
9799.15827715
40.5385519367
18939.8539154
265.429041387
14102.5812362
29.6751171245
1884.69774818
18524.9322989
1112.67484517
4139.24979843
678.030575752
3928.34131803
1433.47913887
414.535687021
492.504129685
45.1179263682
21955.896989
2606.00984558
5353.63612886
19170.1684524
8197.13056526
14902.2067575
5373.88996299
4294.12556082
620.49303348
1495.53127299
161.840478224
506.4019271
11353.4164761
26.8493917508
283.838356091
1578.47996667
4347.49547755
7617.21327799
9070.73137865
935.102344333
2731.61643555
112.674038469
1364.26683292
3600.90855375
29139.042186
3542.0157041
26746.4668966
68.8083650382
29495.8494129
23.2813349973
15088.6344519
310.294794551
511.844536091
59783.7333989
10221.5989553
30.5883224846
628.859701848
4367.36308271
43799.9655225
1027.78582788
4191.84374452
4378.55509004
180.697898167
2302.0595563
61124.7347224
258.343437902
4838.43909573
3222.88625587
3217.24918809
3109.46769063
18720.3315637
8153.48368021
4314.17310964
10330.9088384
4318.21891823
46498.2707435
14614.7884817
617.389438825
44645.0622164
1040.94787785
8484.50084164
6287.46074847
5797.98658549
23216.6218947
2820.4597145
5073.08979594
57.3352581591
1632.46295696
10.0
12370.9560379
18601.5804789
19706.3942833
252.608620617
28770.9883292
4416.10037143
172.032501003
342.181071081
787.651746853
3076.15607793
974.822915306
31994.8940212
5642.32604113
27339.4461167
10008.5153191
16709.6767304
2656.53297895
221.34371988
1335.32183615
288.673394212
5396.54845354
1430.66964776
1249.20278249
8179.92456264
6112.78755882
1477.83296738
854.303539879
29404.1028671
73772.2893647
39.2516263353
6980.38239761
914.925971439
24.0463277043
1700.44435366
7966.57958567
3669.67380886
11288.1115518
217.811469856
163.537603613
263.576281355
36829.4072847
91934.6275468
1391.54417504
34500.387294
742.149129184
13134.1133633
17.9446054765
2140.32644183
11807.0860614
4275.21490947
2091.35164597
17245.5502016
3412.78280466
44.9785916223
5421.40881954
76711.4857821
416.514187076
570.255680437
1269.55355104
2472.93297129
7184.57889199
251.427798859
357.829843793
79.5956968457
1406.03105653
109.652508626
12344.9324333
383.78625874
1395.81482505
85.958404819
1610.17759916
2264.64347409
4682.05886752
66692.941009
1252.45742235
9895.82955878
10772.2219753
7164.35181901
11496.4833678
205.913567216
18478.4185981
4102.9951141
4529.41184944
10127.0756569
6277.61482903
34867.9391136
33799.7035432
187.450281545
901.86226162
2770.94292871
40853.7345614
2776.07907522
548.52763712
47767.402147
307.302284716
18997.1550493
8544.7680909
98.2468949909
1065.92683755
11276.6757324
3248.83843831
1240.74853088
121.234717223
12913.0478215
3606.96848807
9983.32862059