4899.87254952
59.7378746551
11.1178658277
102.535860737
42.8042728129
460.958276398
87.2281833055
313.989558019
78.2533481381
862.352389732
59.8802774106
39.1959322581
1173.66582814
792.176018877
578.008475647
682.775979421
611.643280379
113.931620733
1717.5317554
10.0
104.754187837
253.755087442
383.575299207
1187.03489345
1094.32032982
338.009810283
609.581909852
984.85487739
1116.77865667
249.950469613
481.134856416
2411.45660802
470.366593561
1743.14868086
602.671307292
219.655923598
233.384070669
1285.38532537
1896.01550371
307.311521154
692.860522391
1068.40800393
36.3921529931
58.5445096894
1253.40195583
137.483470244
26.5354357614
123.423437313
72.8435071075
645.544674342
251.833080751
1673.34061704
188.652617079
81.7545351589
53.7580900142
19.0196643287
366.253059219
1068.21097572
1581.88061987
292.810305845
214.352046748
988.085595116
726.673367971
156.483002554
248.402610961
3227.91599384
1006.46817284
361.595053521
5925.69238804
3771.44518723
107.653622924
70.5523841448
157.140776648
124.396464243
41.9508190491
2707.72034404
3681.19862013
1010.25934316
968.774963684
24.9248329167
16.9227831369
29.5810728138
12.3792587069
1040.61407872
177.085758682
333.668747651
2214.58985915
1133.38969569
156.235183906
44.1194139768
74.5428045453
123.47325061
7014.90236851
42.0512678173
569.882287208
757.001696896
890.853620474
631.805198209
11.3651959503
24.5256629547
108.979006309
3056.86064964
530.473020401
72.7714726167
138.57823937
348.098811392
183.233601745
508.327828008
96.1403739443
104.754344185
23.1921913022
92.51151479
607.086699998
197.695917418
1857.55211249
496.688728844
1813.72687288
100.316757347
194.21316445
44.4452507452
1811.24047011
1318.7394227
183.483574712
99.7455011302
115.341019003
3537.03705107
688.748832981
33.5214871656
1015.33199574
300.730930311
42.4427863415
43.1765824109
408.341049069
310.015526921
628.689300743
745.443052285
324.822453918
318.828876626
532.571209337
78.147482969
976.377992879
2572.73430684
13.6686443175
337.437099394
1618.57123938
109.421605544
844.230908886
372.551144308
2381.33678732
475.269857772
786.787867643
56.9819836784
85.3978087265
90.6886965266
249.766192404
93.3756327258
1962.37712518
25.3226163233
5322.95444004
164.603606561
751.949749414
235.795487693
269.229405278
1130.97566992
38.275055329
11.3768789247
152.117803405
222.412584043
352.154027049
364.537550515
1179.86648753
2778.8575979
673.290441969
839.520328077
114.702471199
13.4114758664
1048.38061944
2195.51804072
168.141404574
38.2657395308
2299.26281211
769.061350374
113.186852032
747.724838459
20.5192303569
90.1603548387
347.996580064
15.2886079298
44.6153033372
7895.51603971
37.4495145442
438.921757188
930.828450239
298.825913022
917.91040392
250.127197007
343.542500283
212.539731867
4337.47016188
912.049936119
559.984409119
2313.35171561
147.844582317
998.028112475
25.5247592502
643.007733055
100.526760651
807.230875401
102.418822481
1873.34529193
97.4865675116
848.223071126
713.606191448
63.1715770403
5455.47194737
1300.70233795
128.382983812
44.2258680882
286.424583284
158.296416295
59.1978450854
431.115977966
840.298025455
2571.73279446
897.258859473
55.2054901143
204.755999942
750.418238819
45.7995993667
604.696520057
26.5312201605
3700.40195093
195.719932047
96.9351589768
70.0233377203
40.2936023492
41.6790595685
1992.3436199
359.523109708
122.617158685
2883.67543994
477.024260309
134.161455877
150.156935747
10.0
30.9425523881
282.919780712
130.799617711
719.124273001
52.8976629691
27.8600862989
352.131203268
672.459644375
743.624377449
1111.77835201
672.884513795
77.0113344521
25.1692661053
172.585250721
94.8421928508
319.603894921
316.321386329
21.8327113169
1157.12656428
160.319321385
2241.70326427
113.635716696
56.6366475283
772.913366273
545.314656774
815.199688695
470.026767455
32.0097942443
1520.1160144
197.826797201
667.812605815
2660.05186054
1543.9106771
39.3398939192
63.7421811565
74.6453356967
198.620492165
293.572318332
654.691474037
514.728301756
492.714228572
1094.78478467
491.543585509
1330.47371955
206.83285168
457.834700425
172.549647901
29.4740627818
960.685654565
1027.8871384
1919.83746352
1884.98833261
2855.69717284
429.29248527
257.555329668
342.847028296
39.5997820903
720.363257325
1034.92568295
894.418701958
71.6158414481
72.9767668448
465.692215004
80.0501901599
383.384835047
248.072286735
527.263961612
585.101344305
406.06865192
1494.19018222
1006.83025041
12.7412565675
1663.63168394
59.6238405667
1693.62733065
18.5310295275
317.525691308
121.182913405
23.6520696684
166.968192151
599.094486053
1189.96361329
347.009496844
1404.49063722
4995.10514795
42.6876909682
328.670314932
149.651142404
147.375552093
419.762042884
934.067067391
30.1381920861
128.654388963
450.453499626
48.5397442756
39.3279378612
71.0537842932
229.647191484
6697.73833012
1237.36571376
677.988247624
230.591232764
149.017129846
1475.38582486
60.8474090618
983.268024862
98.3780433157
44.0820638702
51.559710014
1294.25571169
666.43225421
149.058533718
751.996863891
2277.22706709
609.036987112
2585.44672668
3478.33976063
56.9765896697
2278.52462231
99.767355632
681.572127047
925.016786986
73.2162044821
80.6771792198
96.007409222
253.705173447
3485.76802281
199.190805842
269.518268015
1691.62611922
1975.55761806
1065.52621331
340.689632021
6535.28584931
46.3221864309
353.528241248
1633.78154917
242.347071657
160.823924252
490.702792744
428.119968626
2029.41254049
1179.00291853
1726.09949713
818.511344229
151.281316366
967.489984638
740.138899419
583.642938458
204.492035758
245.251934741
1332.90391641
122.273541229
696.444495013
429.737197876
822.627330034
420.525108802
49.6422464753
493.540391148
90.4614104026
530.036626633
22.3140300069
32.574554064
129.190094433
10.0
25.3287523158
291.674692483
291.793221484
153.754813941
105.194790535
154.352256403
63.6278407057
55.4590487881
3334.11694974
946.854632278
30.8703646915
43.2287054513
366.187524059
105.63743641
1525.97592347
354.034549266
954.838612233
27.5192531737
51.0944471957
131.102548032
1051.02865499
270.018735794
317.007037454
10.0
244.003014598
280.199835158
440.092285014
1702.07055936
566.41464262
230.340109139
309.603496857
368.01138285
1180.96801111
27.5433585418
356.355127224
1854.91544444
405.68303558
697.169922733
248.893857957
66.7660845269
22.9843396306
1413.76058231
98.5962142004
1085.78278934
103.853272917
1864.61815405
14.1764654775
2453.4213977
99.4254587043
239.097798227
862.63875139
28.6798993179
953.497606225
376.781621648
805.714670302
17.3144766789
807.967261662
128.262620648
131.26094248
37.0108754774
335.818854773
1123.27997643
163.835122829
1701.95106185
365.6403219
1265.56512379
441.978629328
1118.95606005
39.773130947
2498.29970967
343.903056965
551.193955907
998.41299398
1555.9975692
1041.03738758
1157.59067836
574.550221279
1250.1283883
75.1905920344
670.811886131
19.5669095503
169.844739102
38.0466540352
1115.12822013
15.8351092312
658.141445684
43.1144924963
232.713552223
10.0
262.522646175
124.421098588
872.084709178
42.1866617633
1223.95453461
508.444029133
56.1931861224
1250.18007925
1389.48558668
1077.17279557
434.416738702
3310.6961012
22.9643734241
2605.09710207
329.371015918
76.8291477543
449.125745396
89.3891125754
590.041631341
12.5095354802
138.55685325
83.3826577058
3656.67039077
68.580396078
48.8922529718
143.16446916
157.722237128
100.963958809
20.3747534731
201.522225833
795.046218742
2126.27660775
836.301492957
2137.15494942
449.737962228
113.948728386
1527.32376936
651.622548064
209.356064094
17.5163380254
638.853873015
30.2686536658
25.7400482605
666.825712491
465.122412282
53.7086219784
99.0142904501
181.238444397
88.2917394838
169.147496812
30.9978544419
30.1872557903
1814.66753924
197.588403475
860.750665166
16.9127200666
142.962576058
23.0663682046
305.837131783
462.106141052
250.723153744
154.947367514
7986.05008546
350.829628175
372.060018218
564.201636579
1143.2987594
64.1239689588
34.2492581549
177.453646212
20.2825873785
369.122877957
531.413483309
10.037429644
64.1286168249
61.0965424252
115.753920984
403.160707888
468.338797312
116.974480319
266.698050391
91.5527708264
94.3196382079
130.594247853
1133.09859339
832.989061639
327.14030294
84.5680115087
1652.09989878
101.982990237
118.248241069
153.708473791
155.737509476
231.93215119
30.8807062165
406.720829028
649.244695375
44.5715169556
94.533921376
26.3652449406
2265.14767516
38.6575481138
290.361838989
1894.20767686
18.740430783
310.188104981
2439.2181557
50.652628261
82.0787987156
120.897333136
12.2082767731
19.7529423358
2004.32597958
833.083637417
245.778454522
93.3373977867
1329.44556726
145.770021962
221.685018483
3481.65064287
708.094138743
2302.14463171
43.9122551343
426.723594247
41.4228973568
10.0
35.4854324442
846.80767573
109.950514545
1021.19461473
772.648028702
24.7045436315
556.57097188
41.8864688956
200.782471063
108.132076837
99.1256143604
1083.87227142
120.487887743
2129.88689918
10.0
45.9294775349
140.494305641
250.433617507
1745.53678635
1460.94964063
93.4537269582
1564.42856292
193.36737914
3951.98455411
976.503464848
22.7426765866
42.4664326881
135.733634876
17.2233112096
42.5600095082
38.7691831104
294.357269383
231.434807763
71.3864041808
637.360118933
23.2025699317
50.1029573242
600.091804122
27.8599542157
236.859246897
150.08684658
1190.86414739
32.8570743128
150.682307029
991.047647951
343.986139855
192.940635884
2778.58206147
795.270218316
475.851389342
1122.29576809
179.890606831
797.195463485
981.153722994
1763.53757922
1035.0444895
677.175399886
148.493449395
380.748983059
21.6412304766
199.205708519
19.7634452431
2610.77432015
452.957860783
149.278667908
248.418622066
14.4538847742
74.4634526988
1860.64123509
13.6881712061
10615.2499319
297.894606097
23.4714980739
23.3126910153
13.1633031645
204.971241069
589.185279187
725.898625377
15.5010652417
315.34670006
1208.05875731
33.3049055749
79.3525548964
1553.92395247
208.037267307
21.8712001145
493.154885792
356.864188712
21.1772698389
19.648960841
304.068189584
2367.32697304
45.3287186005
195.98368869
1317.97039314
163.439379714
107.274507812
2588.62005113
56.0347689162
101.31609005
507.764992316
157.701331274
99.935797865
14.8583064299
38.0132816586
347.244452886
246.948454366
3860.66695936
38.8077331788
110.460234319
1119.68847458
1547.10728623
663.97447164
224.469933181
305.6387255
107.515866455
557.355441511
48.0905400434
1839.49756719
303.198717074
1589.38492149
2784.32267402
280.134381062
510.239288743
141.549922632
3326.38164678
1634.66799804
1794.41859436
121.549811077
236.436011276
622.686737253
1617.73575676
764.033021197
25.2127607262
3218.03450711
50.1827552531
2750.70251429
225.161368347
126.410547607
101.869291265
742.134393499
913.388316198
104.626439847
134.642915247
916.158654371
584.648479253
39.676438472
681.838698761
2140.79845341
20.1674987693
99.4484987703
16.0356100023
12.3885871628
17.5308452341
165.732651281
36.3060787034
162.300259428
322.614657139
18.5019438898
544.243505882
19.3938821187
1360.86207089
1189.05514301
33.674408025
817.899545063
13.1878575654
518.843472448
24.7783042819
145.148970761
118.322143285
2128.14753098
136.882973991
189.631181756
223.220441931
40.1795823109
75.8977581926
597.809666602
1963.46668392
505.77602615
1023.42856773
745.862748083
1318.44816003
332.008467953
112.01360318
693.233560176
16.5788533708
1206.54380556
45.8153413069
940.316538369
14.5356442851
183.990567311
1184.08142368
123.494985565
342.134001536
86.1909650691
328.049974435
149.299581202
61.3300693023
68.9503546084
17.3881562888
1368.05673645
236.772064428
421.344782202
1218.9853935
597.758250451
985.043754394
422.642019235
352.40829224
80.9567154025
154.168835414
33.8454579544
70.2818099496
783.862545529
13.9676448664
47.8178054973
160.62463891
355.936014284
562.587681323
650.107398304
108.654288995
245.706517421
27.5317276049
143.825613911
305.95686266
1742.39756306
301.951710187
1619.12323727
21.2482998925
1760.67397394
13.2221044773
995.426544459
50.6460767733
70.801214826
3240.54428731
718.044681562
14.7154848752
81.7234977343
357.247616195
2474.66640087
116.458172405
345.62930972
357.986092589
36.1346209833
214.86117536
3303.63429956
45.036398485
388.09964886
280.067224656
279.677772358
272.211000865
1194.66746309
595.123375749
353.734179091
724.442167072
354.001646687
2605.96599709
969.003535398
80.6717684573
2515.88783479
117.555853394
615.058788016
480.470854978
449.648367266
1434.73142801
251.987055318
403.301890131
19.437096963
164.79517958
10.0
842.293401515
1188.23562142
1247.87995827
44.4024234897
1723.51664356
360.461396497
35.0902509219
53.9858502931
95.9361468048
269.895277082
112.015146009
1887.9517986
439.769918532
1649.79644017
705.547250834
1085.03780849
240.373751104
40.8857995156
141.522281204
48.3388828641
424.092438967
149.078277391
134.617062573
596.719788984
469.512045514
152.78361864
101.735237182
1755.97709353
3891.42121064
16.3465289357
523.534889049
106.937183338
13.3849007555
170.014425269
583.818296036
310.620921764
780.089455699
40.4815557358
34.0540269341
45.6121177429
2130.88882812
4716.28551614
145.988535889
2014.36304374
91.9244464371
885.700844272
12.0321472891
203.01604153
809.995754241
351.156757996
199.401082666
1114.41191846
293.127234661
17.3639072737
425.682798805
4026.3200467
61.5268977245
76.3088179108
136.256110631
227.231837469
536.10886354
44.2714835859
55.6001112558
22.8749908082
147.134282921
27.1230540661
840.807134543
58.2450156173
146.326507737
23.8058381991
163.076348597
212.133109451
377.908843632
3563.9593953
134.879502104
698.923793754
750.179705386
534.865567977
792.118433873
39.1084978753
1181.55940484
339.720738649
367.91320817
712.505210242
479.854288062
2032.81320471
1979.1251992
36.9401222433
105.821704003
248.490474462
2330.21410843
248.853609143
74.2738342117
2667.4121763
50.3289074695
1209.64098323
618.676809354
25.552870107
119.632220639
779.428436901
281.858860217
133.934790276
28.6745716464
873.161720673
306.368419137
704.067696885