67770.8586176
305.598025857
13.5324697299
648.406853221
185.928138171
4337.23229819
520.588128523
2717.19066571
448.11371708
9148.13298296
306.652629258
162.150943622
13130.3594804
8276.47868959
5691.36677104
6940.63629214
6088.93360448
746.562491145
20432.2301302
10.0
667.325728946
2087.45800102
3471.30527031
13305.0648246
12099.2916033
2974.56588847
6064.46891692
10694.1778542
12390.1002007
2048.51825247
4567.11132953
30201.0378715
4444.2273362
20784.8233614
5982.54581333
1742.48019905
1880.2509267
14598.5207248
22902.828854
2646.23057497
7062.51094509
11764.8003387
144.184280391
296.788516191
14176.3367122
956.301900015
85.2451492696
830.045610028
405.427570939
6493.06886912
2067.77307483
19825.6226923
1437.47242662
476.150619207
261.983444713
46.1057335097
3281.21771069
11762.2613278
18576.9802393
2493.07848909
1689.67979246
10735.342405
7473.0791612
1131.30154873
2032.70706678
42162.4143036
10969.929817
3230.35755953
84038.1024441
50343.5495863
692.193586083
387.594971999
1137.44310312
838.686445084
180.241233685
34490.4192933
48974.5741281
11018.3867659
10489.5817681
76.3603862625
36.4116184961
102.671206336
17.9097733728
11407.2914041
1326.07698822
2927.8108507
27387.1528575
12605.7226739
1128.98907435
194.764577016
418.749854257
830.487606917
101673.436168
180.908588566
5595.84285962
7843.77988748
9505.16151082
6328.88052528
14.3597574438
74.196511011
703.61287315
39621.3246264
5135.64519021
404.864616614
966.253962753
3083.62482562
1385.1109129
4879.37301488
594.405494833
667.327065662
67.0836396153
564.139169668
6034.87237792
1525.50815994
22367.7191698
4745.38445172
21759.7867128
629.576808397
1491.50892324
196.967286413
21725.3534231
15040.3400684
1387.51965075
624.745183949
758.863339425
46796.2499809
7012.78745381
126.295681851
11083.2634642
2576.56950067
183.514780561
188.420785459
3745.56421034
2674.9309214
6291.72058637
7702.23361834
2832.85778099
2768.77774336
5160.01504778
447.270869996
10586.2604708
32528.277546
22.7596576821
2968.39161817
19076.7661359
707.433354408
8922.01699086
3350.15928358
29768.5578041
4500.12640096
8210.00843031
285.331678951
505.648714971
549.043084613
2046.6349399
571.320840457
23829.3945022
78.5320919821
74435.902858
1207.48765699
7781.87430123
1904.61042239
2246.91853183
12574.3593463
156.198666419
14.3992234636
1090.68007493
1770.01862011
3127.61367065
3262.47350081
13211.3547097
35529.4655812
6826.24850068
8863.35465174
753.28604127
21.764306043
11507.0568398
27116.2091248
1240.92118638
156.13870328
28593.6490387
7991.80396448
740.076187836
7730.15049977
53.4050350748
544.681202808
3082.51699821
29.3236202195
198.118951491
116165.864736
150.904793784
4088.01663677
10008.7005768
2556.45297203
9845.63155508
2050.32464495
3034.30460594
1671.69453024
59017.0910908
9771.76157126
5479.77890656
28794.9593609
1051.14822819
10862.1463505
79.6414737349
6462.71163181
631.354624824
8462.55321088
647.411328842
22587.2626589
605.703621972
8971.77008803
7314.06528757
331.222157997
76536.6181237
14801.2218542
874.24224639
195.483645541
2426.05650673
1148.24596743
301.605198918
4000.22156379
8873.03625363
32513.7673474
9585.62869815
272.416432141
1594.7844346
7763.11965601
206.178522323
6006.53918829
85.2215823366
49265.5365245
1506.20383917
601.071324218
383.498856048
169.308980254
178.438405019
24249.1484457
3207.76979362
822.89692589
37066.5204419
4520.14983168
926.207077358
1072.51082602
10.0
110.704064183
2389.38377823
895.914296936
7381.16185727
255.820680609
92.7280854061
3127.36584783
6816.24131672
7679.99185451
12325.2805519
6821.35875131
438.243930928
77.6930775369
1283.11867219
583.546012667
2777.05213794
2742.0307882
60.0253819913
12914.6099323
1167.19492825
27772.8554774
743.984266363
282.81173885
8039.15766151
5308.34912906
8561.2533329
4440.35665182
117.098494083
17739.1653257
1526.7881114
6760.30103765
33796.0746819
18061.4002831
163.085870243
335.518802418
419.556249339
1534.55363828
2501.09368338
6602.67063643
4953.26352294
4699.74408876
12105.2973126
4686.31242346
15196.1433627
1615.25171781
4301.78731551
1282.77972134
102.04594918
10386.8387839
11244.0351809
23234.9599224
22749.2700378
36655.5509893
3979.74917321
2126.45953418
3026.78619774
164.776629516
7396.23779034
11334.2876946
9549.93831198
395.853451825
406.469390859
4391.0249085
462.463543738
3469.20722466
2029.33518064
5098.40228738
5774.91461529
3720.28154949
17388.8417101
10974.5566014
19.2351552597
19692.6321021
304.754029956
20103.8357294
43.7909881522
2754.8723136
810.206217657
69.5161160665
1229.81794127
5940.20038606
13343.3736544
3071.82335247
16183.184125
69265.3956226
185.149075792
2874.10526367
1067.83216588
1046.82358627
3872.98373613
10049.6340726
105.940983285
876.671782005
4218.18452629
225.079234307
163.008179474
391.48459984
1842.59462227
96503.2647913
13965.2129361
6882.869945
1852.09695232
1061.97211733
17135.2588331
313.833762303
10673.9658494
613.205929855
194.512420691
246.297349651
14715.8687665
6743.6959319
1062.35464631
7782.45134805
28279.1065925
6058.00380784
32712.520695
45912.3929883
285.292284353
28297.6173783
624.929907331
6926.10544335
9935.29729564
408.342562866
467.490200708
593.291604765
2086.94644331
46024.1467181
1540.1373098
2249.91132186
20076.3712412
24013.9173596
11727.670631
3003.48026617
93865.8814717
209.756289862
3142.54005186
19284.4014603
1971.02518924
1171.92930593
4676.66852875
3966.59281917
24769.5261725
13200.0709039
20550.0801617
8602.31261223
1082.92325617
10473.25291
7637.38831928
5757.72297013
1592.185924
2000.57923849
15228.4341319
819.853470341
7105.88893171
3984.74066091
8653.37828671
3881.51750361
232.779685793
4709.22633874
547.165895575
5130.57850792
62.5011415711
120.515708909
881.470527336
10.0
78.5657100094
2481.14043866
2482.38608201
1105.88580841
671.094546164
1111.44366079
334.656961219
274.252484285
43748.5126845
10211.4573643
110.274594842
188.77031952
3280.50137915
674.884525386
17818.4595621
3148.04193705
10312.6520824
90.7881522408
243.003040214
898.637104916
11541.0962504
2255.09783359
2749.3408579
10.0
1987.86478741
2360.97913422
4101.20418186
20219.7573998
5555.14472601
1849.56853497
2670.55479296
3300.44512105
13225.7494121
90.9250267445
3173.27599411
22331.0902293
3715.99350606
7114.67311489
2037.72314295
358.464430897
65.9915204926
16307.3100082
615.044430864
11988.9595518
659.630966097
22465.9151821
24.7639304499
30804.7416206
622.041145805
1938.04451943
9151.71174226
97.4343494429
10295.6466943
3396.57841816
8443.78996752
38.1737682782
8471.6679611
873.165150316
900.061333804
148.10855814
2950.95541104
12474.4385668
1200.24434267
20218.1162204
3274.52103573
14336.7189801
4122.46837199
12418.3389196
165.906504499
31451.81242
3038.20343353
5376.96868592
10867.0586489
18225.3412433
11412.7263276
12920.6583221
5650.68906749
14133.2083693
423.849468344
6796.39915652
48.7360525979
1257.06933931
154.7299811
12368.700851
31.6448404366
6644.07071416
188.004594887
1873.48582276
10.0
2177.59651273
838.90540076
9269.85769538
181.808948568
13788.9392411
4880.71319379
279.58232481
14133.8892622
15982.5006527
11877.8148027
4037.31527609
43398.1833178
65.8868534042
32997.541829
2881.62549987
436.799593641
4203.16923894
538.325177417
5833.19980988
18.3833720569
966.059389907
489.293030536
48603.1993627
372.369147296
227.535510848
1008.12602567
1142.87653422
635.058595586
52.6894133816
1562.99520778
8311.91381514
26135.0952378
8823.29713213
26288.966103
4210.09177367
746.711597192
17836.7039415
6565.87100908
1640.17086659
39.0909398735
6413.04566992
106.710161594
80.8272308342
6748.42855499
4384.5454452
261.628330798
618.570200322
1365.90893365
529.30454338
1250.45529182
111.033339513
106.230100062
21772.8152807
1524.45683981
9128.11887646
36.3666561635
1006.27669804
66.4219772843
2630.59997522
4350.26753844
2056.41784977
1116.98424918
117666.616681
3113.23774881
3344.77609852
5529.19196457
12734.5602214
338.399627888
130.779651203
1329.5982795
52.2342397279
3312.60741233
5146.56652115
10.1124987354
338.434728224
315.68887964
762.473473841
3687.96195628
4421.13703234
773.162110633
2220.71700572
556.190027217
579.184776255
894.069161983
12601.9401398
8782.09836994
2857.69411666
498.90199056
19534.8067019
643.706492096
784.3433234
1105.4549045
1124.34740073
1865.606565
110.336096092
3727.5352749
6537.37618884
197.822276396
580.972482206
84.2949857561
28106.8482295
158.665035255
2467.34941842
22877.6459344
44.7789758953
2676.76415714
30600.2661692
239.883153949
478.76290718
807.683259756
17.2940762358
49.6391087042
24417.2215898
8783.27433559
2005.94297266
571.002730227
15182.4844187
1032.04184674
1762.7441186
45962.1996127
7247.11963389
28634.8133161
193.36689228
3950.93234502
176.742636202
10.0
138.476431956
8954.12652811
712.003493468
11158.300832
8035.89468431
75.1642854165
5439.82630468
179.813987684
1555.73688379
696.312164828
619.509624233
11964.2862923
804.06832316
26186.1504762
10.0
207.066493617
983.712352549
2053.45723006
20817.7285392
16940.8779235
571.970672877
18339.7966036
1483.27001496
53094.0650485
10587.8568544
64.727541209
183.672441464
940.430103121
37.761552237
184.296645286
159.386474954
2509.35400243
1860.59417766
394.068940566
6395.19750572
67.1382921301
236.013261153
5952.00356896
92.727331705
1915.3709848
1071.86229497
13355.155638
122.233647623
1077.37406264
10773.1006129
3039.10193749
1479.11571382
35525.4345383
8314.68007991
4506.76225151
12461.66652
1352.96059562
8338.46047242
10647.0428719
21065.9485423
11335.8118534
6873.06864342
1057.13576885
3440.19011524
59.0477288464
1540.28325637
49.6902253401
33079.9383398
4246.52534435
1064.38883103
2032.87052598
25.8799345343
418.125960248
22410.6423508
22.835782552
162016.265659
2546.62679853
68.5583752961
67.718873826
20.8166883908
1596.90378313
5823.09119137
7463.63934094
30.2199292742
2731.64391622
13580.3548636
124.968215834
456.882265091
18197.2034882
1627.13926753
60.2223994704
4704.80139994
3178.81528917
56.6963790018
49.1338038452
2611.86412576
29567.6326981
202.965890019
1508.7784218
15030.1358157
1196.51697378
688.933112958
32758.5300766
278.430482288
638.044614618
4872.88236751
1142.68110893
626.353971402
27.5326249065
154.51564429
3074.36829751
2017.86949319
51700.8955347
159.635771419
716.412580399
12427.8393274
18104.7408933
6714.1426509
1790.61305327
2628.49759592
691.008544085
5449.00475765
221.957220067
22117.0402023
2602.662059
18679.0761054
35609.4288981
2360.29619525
4901.42457816
993.352364676
43632.7743399
19296.5103159
21492.5572854
813.449508705
1911.08862595
6220.21404722
19065.3685177
7930.04246572
77.9308187278
42015.1590592
236.574266411
35117.8222151
1797.54242878
856.619382438
642.74059079
7661.77590209
9788.62555621
666.233687879
930.558910541
9823.54396396
5769.57554391
165.276061954
6929.32270774
26340.5250075
51.6673390484
622.235742793
32.5091170954
17.9435574
39.1570878363
1218.1418851
143.640222572
1185.79825998
2809.22917955
43.6542352019
5295.85976008
47.9001475741
15600.4988344
13331.4890951
127.234891471
8594.72543316
20.9098723441
5000.8483213
75.564256065
1026.33311576
784.992875061
26161.5516586
950.850227791
1446.95965113
1778.10116808
168.562310832
429.429592324
5924.99911475
23844.6418795
4849.95467607
11186.9099696
7707.36750093
15036.4752082
2909.95651806
729.877801089
7067.02437056
34.8838662758
13560.4954432
206.286106519
10128.679985
26.2116079974
1392.40701744
13266.4455633
830.680475026
3019.08072252
512.112776922
2867.44980115
1064.58211622
317.429724249
375.216777175
38.5078322632
15696.4147533
1914.48874385
3890.6871783
13723.6936061
5924.39089221
10696.5839219
3905.20533958
3130.37469146
469.734481233
1109.73686864
128.287328439
385.49903685
8173.94866026
23.9336255135
220.066118385
1170.05917082
3168.71647223
5510.27449784
6547.71249225
700.812198265
2005.21001409
90.8589780045
1014.18591906
2631.86879927
20774.4751075
2589.47244393
19084.2968985
57.0547336292
21026.4386739
21.0400511817
10828.9492445
239.836953082
389.524367984
42350.6837694
7368.02858339
26.9455374351
475.900716591
3182.98839777
31110.8736774
768.637647589
3056.87969142
3191.0278924
142.557849408
1694.73755522
43292.6125024
200.976876325
3521.19400724
2359.59552425
2355.53279657
2277.8373516
13404.9293161
5893.23271345
3144.77775014
7445.89726128
3147.68435471
33010.1511007
10492.4866656
467.44677935
31705.8080166
778.262105971
6129.49730495
4559.52107252
4209.0785987
16588.5196577
2069.3490521
3689.53020047
48.1085555533
1209.29439304
10.0
8897.88279924
13320.7692404
14103.5949575
196.677467426
20514.5446085
3217.9960159
136.005100708
263.619709115
592.694767136
2253.81822948
729.891196168
22790.5262346
4097.57172564
19503.2988287
7216.21322971
11979.3378174
1950.98583943
173.198519889
993.099745208
223.682109591
3921.44652708
1062.53706525
930.325147298
5912.10823881
4434.49472854
1096.86057444
641.60209193
20961.6530448
52169.6513488
33.8624442981
5055.16923942
686.034278083
21.6622202774
1258.67981305
5759.78972839
2681.36260054
8127.46801047
170.541373292
129.573285674
204.898136934
26200.3213207
64899.4750915
1034.05165367
24558.1092983
559.269284486
9440.48943048
16.6669353508
1577.66787519
8496.78229739
3116.78777937
1542.1968117
12359.4147568
2496.41164319
38.3977972704
3939.26518425
54231.0306983
318.898447391
432.679403474
945.164633807
1818.31595563
5201.13808601
195.791937897
275.275004272
65.4188130798
1044.60011205
88.5456712445
8879.37489294
294.585645543
1037.16143255
70.3343452148
1193.09932332
1667.66324046
3408.96174252
47202.2454879
932.698607491
7135.91636809
7760.19912394
5186.68066479
8275.76794585
161.583696744
13233.4785121
2993.02171416
3299.37116366
7300.68729792
4552.47454952
24817.327327
24063.8900445
147.658613486
676.463328206
2033.60409907
29036.1050947
2037.3120978
416.635811773
33903.1843808
237.602472345
13601.0998658
6172.50387492
79.7960545047
796.522574642
8119.32834293
2378.29866597
924.159445708
97.4035851588
9283.3403482
2636.23085018
7198.26657759