857.239161707
29.0606441682
10.5514819756
42.3218571754
23.2824491415
130.155588358
37.744793492
96.8793949159
34.9838536275
212.496537649
29.1075771249
21.9905313123
271.301508232
198.73480893
155.202041418
176.816258994
162.21527418
45.6371727946
367.694463539
10.0
42.9729367447
82.4151698188
112.938229556
273.757072753
256.619750091
102.49317895
161.787570581
236.037952303
260.794565048
81.4804873059
134.551366694
482.9599331
132.209767562
372.083126827
160.351742521
73.9341439567
77.377501052
291.6705031
398.036312512
95.3041848267
178.862667045
251.783276381
20.9682682146
28.6663805142
285.873519533
52.2840230154
17.218001443
48.3467631829
33.2875413838
169.211433588
81.9433334426
360.095643245
65.9955048554
36.0684524908
27.0670743641
14.136028163
108.997005193
251.746419675
344.251536282
91.8606166388
72.5925855041
236.651216919
185.684276891
57.4779435078
81.099431788
611.14830569
240.133677248
107.931173586
1000.54999407
693.203986512
43.8196546499
32.561160175
57.6554039971
48.6220750454
22.9791456926
530.259889393
679.734243461
240.850429001
232.980077236
16.5769419826
13.2276207151
18.4063240778
11.1574974154
246.571601754
62.9690532242
101.484461351
450.953162013
263.872514169
57.4110458779
23.7472197744
33.8231581075
48.3608682589
1147.9670042
23.0149141986
153.496304421
191.752806231
218.02583172
166.384527654
10.6715953274
16.4165917684
44.2051355246
584.827252055
145.157735728
33.2647780446
52.5870677135
104.827996198
64.5823582636
140.421202578
40.42815913
42.972982532
15.8764293191
39.3420847362
161.269489569
68.3360447302
391.542990588
137.916243593
384.114755234
41.6676314441
67.4372193955
23.861893457
383.692350966
297.687951372
64.6477258898
41.4987339312
46.0423434336
658.094124278
178.028975934
19.9030552695
241.808682606
93.7454880023
23.1541482604
23.4143404019
118.514726387
95.9427907758
165.741839658
189.445410221
99.4210214485
98.0168539171
145.604555719
34.9509014367
234.427080247
508.830514707
11.7614122423
102.360243213
350.627101113
44.3336479827
208.963403769
110.434005613
478.094442918
133.277243331
197.669066187
28.1475161051
37.1867518496
38.7932040051
81.4351456933
39.601496343
409.183793656
16.7361417591
916.934286833
59.6585535092
190.745121077
77.9781880913
86.1891739455
263.425722419
21.6566439749
10.6772529131
56.2964272801
74.6288917372
105.762791095
108.604770725
272.441048038
541.475561371
174.886259778
208.042698355
45.8589015909
11.6421185603
248.030461131
447.825838252
60.6017770665
21.65325717
464.779634029
194.153257077
45.4226539088
189.901435256
14.770998785
38.6336832899
104.804403289
12.5007938787
23.9216672015
1264.18556981
21.3557906057
125.312733164
225.726439825
93.2930363016
223.244750499
81.5239651544
103.775195615
72.132689457
776.437879395
222.116774547
151.412499346
467.071271059
55.1331880445
238.536228011
16.8168197768
168.690308911
41.7296709072
201.705484889
42.2874261227
394.212081594
40.828880977
209.742947286
183.055177297
30.1857657584
935.456043372
294.437356454
49.7455045741
23.7847053461
90.3338233084
57.9668232036
28.8824418872
123.586328211
208.194768716
508.670779084
219.26393412
27.5538407375
70.148586994
190.439390837
24.336566571
160.772842179
17.2163355243
682.605324639
67.826472426
40.6648827425
32.3927226468
22.3862384686
22.8822800535
414.195169407
107.456234531
48.1182964222
557.908194314
133.658682864
51.3614392834
55.7634750333
10.0
18.9283321112
89.4930475812
50.4230692675
184.166491043
26.7763605287
17.7385070865
105.757535625
174.716978971
189.081754378
259.866392922
174.803553947
34.5966611681
16.6748377343
61.7809738888
40.0406245617
98.1987083183
97.4278985022
15.3181841679
268.256556978
58.5108574376
455.390779266
45.5519768313
28.0324281436
194.918517762
148.31128509
203.273757763
132.135707252
19.3338613026
333.457799138
68.3697606963
173.769391828
522.714800953
337.625324611
22.042568781
30.3714458937
33.8553925465
68.5741302997
92.0423773288
171.087159556
141.794092004
137.058328436
256.706246457
136.805390881
299.79831667
70.679416214
129.471849651
61.7715507575
18.3650647189
231.438228155
244.176650323
402.045935051
396.177181409
553.53258761
123.182174674
83.3460551622
103.614262079
22.1364023325
184.415797869
245.501830342
218.715147094
32.8989337646
33.3296396932
131.190161306
35.5417280668
112.895081805
81.0180518949
144.473706449
156.687205569
118.005792242
328.90348356
240.202152387
11.328544946
358.421310953
29.0230435352
363.58847431
13.9265806042
97.7108755509
47.7111298973
16.0635166633
60.2894266488
159.607371217
274.294328252
104.576536159
313.033203779
870.753367842
23.2410976003
100.319863853
55.6257769014
55.0051014407
121.064531073
226.347613183
18.6205811116
49.8217282508
127.85260871
25.2876160675
22.0382486767
32.7205479232
76.4442310424
1105.48904155
282.956807227
175.842739737
76.6802804199
55.4530397932
325.591188305
29.4256907549
235.736595644
41.0936149277
23.7340629808
26.3222461581
293.273571717
173.487684997
55.4643248107
190.754524546
461.190320461
161.674462062
510.857105592
649.238193689
28.1457196415
461.401846744
41.5051991061
176.571592245
224.610750677
33.4052399104
35.7357695216
40.388516524
82.4029251853
650.360396654
68.720881491
86.2592161954
363.244257682
411.389692751
251.244075242
103.114637244
1083.5944086
24.5188915976
106.079101574
353.262412592
79.6041767645
58.6463490325
136.623653008
122.92212944
420.375519151
272.282409566
369.163591076
203.924659889
56.0692450064
232.735314824
188.384348251
156.382109227
70.0810436681
80.322354973
300.234952417
48.0208361072
179.588606412
123.280769457
204.732973272
121.234416496
25.6669191052
137.236766801
38.7246039671
145.06476173
15.5167375321
19.5472087618
49.9720844055
10.0
16.7385929146
91.5895721215
91.6178717661
56.7403000224
43.101913498
56.9020587533
30.33426706
27.6388265036
627.363916709
228.796433326
18.9007881717
23.4327849056
108.982027677
43.2313762279
334.485228679
106.195581878
230.322274236
17.6051373265
26.1637312263
50.5078233129
248.527411212
86.380533068
97.5890321918
10.0
80.0137853362
88.8391624956
125.571114584
365.039934056
152.767038338
76.6175076388
95.8455510834
109.398664468
272.643368164
17.6145823489
106.729042495
391.09698736
117.919374516
179.735458223
81.2204181779
31.3496056452
15.7915868899
314.681674611
41.1583274017
255.028583608
42.7088645913
392.737676481
11.9953808769
489.720664627
41.4040227677
78.798852737
212.552258572
18.0577778437
230.066155521
111.396643028
201.406769838
13.3992694723
201.850526485
49.7116903016
50.5521231853
21.1953320912
101.984387221
262.000222243
59.4531323738
365.019400581
108.856949154
288.081240167
125.987230822
261.198503216
22.1989140613
496.927815012
103.858604512
149.556038946
238.609128406
339.73781089
246.65116708
268.342110604
154.476685872
285.278671421
34.0266568856
174.38112133
14.3690832103
61.0544916457
21.5735541558
260.488290268
12.745857528
171.793369307
23.3923625297
77.2102586038
10.0
84.5588010841
48.6290394705
214.388367575
23.0630962081
280.512241308
140.446156416
27.8844154032
285.288066522
310.360651778
253.421587439
124.317075367
623.795873767
15.7834274939
513.986216348
100.483325982
34.5397548001
127.560803138
38.4004735886
157.719650137
11.219194499
52.5811524377
36.569468712
676.063146826
31.9319340854
25.4090960384
53.8513858567
57.8121518605
41.8587426675
14.7103133953
69.3199346396
199.30196784
436.430322959
207.413012319
438.225020961
127.695372624
45.6420969997
334.721447663
170.458366202
71.3229209682
13.4873647487
167.836215555
18.6706225337
16.9025815949
173.567994372
131.065740158
27.0503881
41.2822517367
64.0599896195
38.0679220641
60.8692877038
18.94942324
18.6394063832
384.274533664
68.3083447417
212.184807236
13.2231983535
53.7959024417
15.8250913023
94.9555215407
130.40663094
81.6705361939
57.0630613402
1275.99978283
105.457723029
110.322115862
152.301192384
265.70467795
30.4954842615
20.1749948405
63.0659034092
14.6715471562
109.65237739
145.358053114
10.0187060802
30.4969933215
29.5074599935
46.160851033
117.353727217
131.767687724
46.5106610765
85.5747547492
39.0536748318
39.8843204202
50.3655880885
263.818645741
206.764548249
99.9627038278
36.9329414702
356.43031811
42.1591386407
46.8749231132
56.7277480658
57.2766363462
77.0152404279
18.9047349861
118.151911468
169.97078711
23.9062810442
39.9484375305
17.1506967151
459.220105302
21.7955423547
91.2759699661
397.731655365
14.0164972932
95.9835120428
487.434799052
26.012911461
36.1684028297
47.6299396935
11.0762795181
14.4479543849
416.195192376
206.783069653
80.4523497734
39.5900286579
299.613543804
54.5660264393
74.4456919954
649.73842837
181.943480842
465.2485829
23.6742157145
122.612259691
22.7908452247
10.0
20.6339343171
209.46664294
44.487081148
242.915069982
194.8658272
16.4885243434
150.692268313
22.9562214341
69.1300053051
43.9589225072
41.3152315957
254.672201033
47.513466399
437.026128423
10.0
24.3819223074
53.1162955657
81.5993354477
372.491656637
323.043114632
39.6249158659
341.209572332
67.2184604889
719.979713957
234.450942545
15.6927166158
23.162548353
51.7986316657
13.3594027986
23.1957802641
21.8360233614
92.2295141373
76.8910489334
32.8261509687
167.528824975
15.8806610643
25.824872944
159.81500625
17.7384554748
78.242789266
55.744399402
274.459476996
19.6536194662
55.9064043581
237.213158641
103.877822002
67.1080132375
541.432219786
199.346214759
133.403708476
261.817785033
63.7064545865
199.726415737
235.334932807
375.56778085
245.524184372
175.677331367
55.3102511898
112.297534771
15.2389089702
68.7247150835
14.452401963
514.889461782
128.402558747
55.5243138812
81.1033758063
12.1223302847
33.7982044914
392.065382715
11.7704477037
1609.88504191
93.0716433455
15.9901590675
15.9255341892
11.5264653186
70.2036503195
157.540802007
185.528646215
12.5963126508
97.1987233047
277.608433627
19.8218698576
35.32544638
339.375607039
70.9867748977
15.3340991603
137.153510614
106.845977804
15.0461342102
14.403891849
94.5367741336
475.827561143
24.1718880279
67.8945493105
297.549525232
59.347272305
43.7092117411
511.362711762
27.831479698
41.96261652
140.300320108
57.8065181516
41.5550192134
12.3063402197
21.5614043133
104.630786772
80.7410218563
706.464346615
21.8499962986
44.6348041548
261.334343757
338.184303204
172.985822852
75.1462937617
94.9085777394
43.7795330404
150.85786365
25.1325323024
388.486687508
94.3307786981
345.55768987
542.335052833
88.8234119721
140.831546568
53.4072389198
626.185981195
353.415859517
380.831788781
47.8153812767
78.1375408623
164.502063385
350.482217004
193.15323307
16.6922341533
609.634710744
25.8521991421
537.042795465
75.3199733061
49.1905593241
42.1256526619
188.783699307
222.374492721
42.9355204221
51.4954334833
222.907727305
156.592482143
22.1640530877
176.625776284
438.825754035
14.6230807582
41.4108431933
12.83525092
11.1619205281
13.4936864987
59.9600078145
20.9366114314
59.0422743016
98.9043665542
13.9140721305
148.08423221
14.2955657501
305.247857591
274.127700924
19.9603058886
203.804448228
11.5379318238
142.675088805
16.5181500614
54.3959224677
46.8960324979
436.739103693
52.1175915301
66.2498266662
74.8321711727
22.3452475939
34.2483861478
159.339784879
409.366244437
139.872939344
243.336351818
189.52930771
297.635525514
101.098002846
45.0841294499
178.938258982
13.0761138589
277.331321954
24.342065442
227.5451542
12.1596304774
64.780249569
273.215031342
48.3670223404
103.449201302
37.428872367
100.175092601
55.5300120657
29.5840418217
32.0502717543
13.4314527599
306.534812871
78.2211121173
121.416839505
279.60523392
159.329074319
236.073815684
121.705409331
105.821334522
35.8221783998
56.8524105529
20.0242739311
32.4750485992
197.089889434
11.899422906
25.0382179942
58.5928488436
106.632745047
151.961232623
170.14772295
44.110782823
80.4345921129
17.6100253259
54.0329685431
94.9838475511
371.954613218
94.0351386148
350.722817648
15.0757111428
375.078806137
11.5539158332
238.043329353
26.0106728802
32.6402897925
613.081436449
183.949191925
12.2414979564
36.0588812135
106.934032934
493.135395066
46.3627798124
104.257712882
107.103575024
20.8735015441
72.7216449569
622.719161024
24.0694666408
113.961979382
88.8072510729
88.7135162417
86.9114402107
275.156714425
158.779969057
106.126483113
185.235988527
106.18801334
514.124480446
233.023609243
35.734096352
499.745982971
46.6770185889
162.923348199
134.407265695
127.675681201
318.403677201
81.9811586928
117.385405954
14.3139418223
59.7097324424
10.0
208.584824061
273.977368157
284.869938742
23.8468316461
368.720843515
107.671377009
20.4876186645
27.143858083
40.3672653861
86.3506098776
45.0845750876
396.677001124
125.49996867
356.032318391
181.429269327
254.889630695
79.115347834
22.5987229859
53.3996261412
25.2183095689
122.027855437
55.4697059135
51.4882409359
159.112714205
132.023511576
56.4770772064
42.0861618854
374.276478615
711.022400404
12.9733426615
143.67784819
43.6108756011
11.629759284
61.099541306
156.418801322
96.0856196513
196.342273232
22.4537524081
20.1021741097
24.2710446242
437.191444201
831.053858817
54.6258419554
417.868856868
39.1655568096
217.028631676
10.9923225325
69.7030474956
202.249940027
105.533096091
68.7749682558
260.355338896
91.9362238717
13.4208643993
122.381171306
730.940560652
29.6485401992
34.377071478
51.9436944977
75.8394243361
146.357168479
23.800761771
27.686070183
15.7468799537
54.9391817195
17.449622501
208.294305426
28.5671624596
54.7183221019
16.1258822743
59.2501174974
72.0293984582
111.652791253
662.147222404
51.56124201
180.090385303
190.391762799
146.092772246
198.723426092
21.9589057673
272.751976968
102.890056779
109.376247811
182.83325432
134.273425208
420.941472299
411.986308542
21.1694099535
43.2852368563
81.1210746081
469.810731497
81.2105072827
33.7385527249
523.881384569
25.9022232286
277.897783101
163.672604067
16.8280274294
47.2697967614
196.211227195
89.2381438638
51.2983226109
18.0557098534
214.597483506
95.0811975529
181.130391821