129445.419312
504.384302754
14.8292443123
1110.72115362
297.338176827
7890.34081541
883.10447018
4885.40125989
754.749063943
16912.1007008
506.224467775
256.748208601
24440.8830764
15270.1689214
10418.1081183
12759.2391728
11162.3097913
1286.38344238
38327.2882392
10.0
1144.52577787
3725.72803627
6280.96544344
24772.0436594
22487.7933834
5360.96564236
11116.4907129
19830.1704507
23038.4164047
3654.23126893
8318.5989132
57010.0170802
8089.62128407
38999.8249872
10963.0820758
3093.3492158
3345.60824644
27225.7415347
43042.8726709
4754.4342425
12988.0227221
21854.7020225
226.248306095
489.021479923
26424.4963695
1663.69790669
127.63140618
1436.27730402
679.442671207
11919.631078
3689.58133928
37170.6158689
2536.46189314
804.3342768
428.489406835
64.2129661522
5928.59743733
21849.8974455
34791.2602033
4472.00615447
2996.78219986
19907.957907
13759.2036621
1980.13517293
3625.20851102
79992.2097292
20351.3358053
5834.38061591
160981.6065
95759.8109123
1189.00005657
648.055640292
1991.26304152
1451.81506105
287.608804945
65240.2351956
93119.0446277
20442.9388191
19443.6182805
113.033753441
48.9963815795
156.504602326
21.0615947905
21178.3397068
2333.7012903
5274.51351114
51618.9495095
23446.80319
1975.94557751
312.480379751
702.92006279
1437.07199211
195248.561462
288.749880418
10239.42479
14456.0826301
17585.3464571
11611.8573414
15.98919958
109.493197083
1209.4372577
75102.0720074
9379.33343897
678.451131545
1681.65768277
5562.7199739
2441.10810925
8900.93214189
1014.38420095
1144.52816728
97.9002668283
960.496764565
11061.064454
2696.95450596
42020.9103534
8650.9768337
40860.2688311
1077.10235802
2634.94749572
316.259424663
40794.5430624
28064.6066479
2445.49282209
1068.48055204
1308.44305545
88918.8917688
12894.6738486
196.054617188
20565.5911492
4625.93124703
293.207765032
301.606640967
6789.98390476
4807.39673248
11542.218477
14189.9272246
5099.02260416
4980.654312
9424.84796063
753.259877636
19626.263504
61473.6626243
28.1845137416
5349.54765355
35743.3735174
1216.27681929
16485.9238712
6056.3528374
56180.9976905
8193.76805426
15145.0663266
469.066226825
856.599448266
933.649860235
3650.77404772
973.275979579
44813.1964044
116.593131974
142357.003701
2118.27528363
14339.669511
3390.25208828
4018.79060248
23387.3949636
246.626071319
16.044768111
1906.56984509
3143.73940321
5644.13585764
5893.87119075
24594.4046887
67235.923483
12544.5689906
16375.3859078
1298.43987443
26.7076105918
21367.0522562
51100.2227612
2178.96209799
246.52418702
53929.6123842
14734.4997664
1274.75516838
14242.4144215
75.8347768515
925.896643887
5560.66985457
38.0781713995
318.235950711
223458.894171
237.637989881
7426.5116169
18535.5206437
4588.83507709
18227.7291293
3657.54734845
5471.46267732
2963.90354778
112510.305827
18088.3255556
10022.3890566
54315.2837639
1835.04093418
20147.6036939
118.413634236
11862.7162407
1080.27525352
15620.460023
1108.94307802
42440.1593113
1034.52012408
16579.6828885
13460.4411414
549.15622758
146429.355019
27610.5579094
1515.79352114
313.713847239
4348.51694138
2010.84018317
497.419289872
7263.2294384
16393.6282572
61445.8190768
17737.1368606
446.605262744
2823.39250683
14304.4043903
332.080972567
11008.008321
127.592565268
93680.2399023
2661.7439413
1026.26298115
640.852599204
268.942372486
284.527136127
45615.494967
5792.54634591
1423.42585335
70189.4769376
8231.07966713
1609.41643443
1873.68650835
10.0
169.905590979
4280.97528177
1554.82254316
13586.4927109
417.800792857
139.993787538
5643.67711904
12525.7913852
14148.1121114
22915.668933
12535.3937478
737.316099616
115.217306569
2255.61087078
995.040283758
4995.93578855
4931.26302669
86.4727983225
24032.0101604
2045.19033325
52357.4997261
1281.76102493
464.680853812
14823.5841515
9701.96334574
15806.3150965
8082.41057344
180.609034277
33195.9857448
2699.28945253
12420.8325934
63907.0356468
33809.429039
258.339602292
556.675482488
704.341912396
2713.45660975
4486.77872166
12125.1524298
9038.82551473
8565.86254872
22499.1627654
8540.81668472
28360.5085892
2860.77115372
7824.34276917
2254.9949558
155.463739682
19249.5442308
20869.5834001
43677.3440893
42749.5701264
69399.6181489
7225.16383263
3797.36567772
5457.5538035
261.2185569
13614.8177735
21040.2641627
17669.8093862
662.585684266
681.277759721
7990.51999826
780.116216602
6277.07428368
3619.01973231
9309.78361465
10574.4306685
6743.03063607
32529.2454062
20360.0820175
22.9887229625
36917.0949496
502.911784456
37701.0503649
60.5546679405
4954.97520406
1400.61844021
101.856695354
2158.80378595
10883.7999443
24844.6679623
5540.88116062
30236.0806444
132339.419033
296.004581078
5175.24200727
1865.22106969
1827.21982915
7026.70545019
18612.7943116
161.95315246
1520.16764091
7668.71374363
364.632842957
258.207344976
654.897854346
3276.61921428
185195.002462
26023.9413506
12650.8225564
3294.02538181
1854.6193227
32046.7397833
518.760579019
19791.9780568
1047.89688017
312.047882941
401.302613938
27448.5107694
12389.6797199
1855.3113346
14340.7545769
53327.0809984
11104.382941
61827.2196413
87215.3481223
468.99765891
53362.5374962
1068.81014802
12731.966113
18396.9630104
684.577590394
789.007931295
1012.39957069
3724.78859305
87430.7200349
2723.64424301
4024.29499663
37648.6827304
45165.862026
21784.4429113
5414.44255633
180068.825331
338.234036855
5671.76696563
36139.0290351
3512.0311978
2053.77474617
8522.83459879
7200.70324415
46610.3770285
24573.0160878
38552.0581077
15883.6407197
1892.52966087
19412.7723285
14068.0216931
10542.2610614
2818.64768835
3566.24958405
28421.8406986
1417.95539706
13069.4674487
7234.44449778
15979.8190793
7042.5646606
377.926280205
8583.54473352
930.312948433
9369.87107899
90.4717108324
186.341116506
1528.80817505
10.0
116.648277298
4450.00522507
4452.30075466
1934.09982896
1151.26314989
1944.16458974
555.166970949
449.796040413
83046.3987898
18918.3285489
169.187816999
302.205379311
5927.27026584
1158.03939827
33346.925079
5681.95245353
19109.4289196
136.783349609
395.601103658
1559.7277298
21431.4454956
4033.83447354
4944.76097924
10.0
3542.9222345
4228.67545201
7451.04338557
37922.0935701
10163.3119331
3289.39369598
4799.3204803
5964.22271669
24621.6904195
137.009743145
5728.67183673
41950.9676403
6735.06774138
13085.961246
3634.41543722
596.885095665
96.1268405966
30472.0607652
1051.17566737
22278.9390954
1130.77339258
42208.4225571
31.1787447617
58167.5099104
1063.65613653
3451.54646388
16918.8471593
147.797401762
19077.3132387
6142.39951502
15585.1321278
51.7406583211
15637.6219399
1513.85442346
1562.29365295
232.896164917
5317.30556853
23198.1401168
2105.13272541
37918.9639951
5916.19049355
26728.8393306
7490.60246729
23091.8943641
263.14318135
59408.4749546
5478.67567115
9830.20200099
20156.8882552
34121.5841931
21188.6195744
24043.4712832
10342.0117873
26342.6640174
711.913237496
12488.5606286
68.3866136974
2208.28707295
244.131108912
22997.8919059
41.6305472449
12202.7989149
300.893782774
3333.21193407
10.0
3891.33417645
1452.20883603
17141.5914097
290.289640387
25689.5724544
8903.43284571
459.062861721
26343.9559257
29854.6081908
22068.5750612
7332.20897979
82371.6859779
95.9569750359
62374.2165375
5189.14058666
734.765989572
7640.76809725
914.602094283
10683.5078254
21.7483544636
1681.30650694
827.60851411
92402.81226
621.293676175
368.871275051
1757.27074871
2001.10905286
1086.88658497
74.6900877175
2765.35783856
15336.8672386
49222.4351361
16299.9116756
49516.8735937
7653.65172777
1286.65078288
33381.6552106
12056.1408184
2906.29398508
53.173146076
11769.6101542
163.236145905
120.361107941
12398.5584772
7978.45200012
427.873247175
1057.4643032
2406.16024201
898.579288348
2196.27492933
170.456006497
162.435344301
40885.1379405
2695.03667155
16874.3720792
48.9265010624
1753.92955617
96.8256136299
4725.59484381
7914.6146387
3668.73337423
1954.19928365
226382.49304
5617.52608101
6046.37550504
10114.7804735
23690.8691212
561.718846991
203.605034118
2340.10495348
73.9625697419
5986.75946819
9399.73027885
10.1501381828
561.78030497
522.000690536
1314.91906229
6683.0172861
8046.6079156
1334.09751059
3970.60662013
946.357366853
987.274523021
1551.49871415
23439.6382219
16222.2927162
5144.91404528
844.6372244
36616.2616631
1102.32664894
1354.16725076
1933.31955196
1967.53670221
3318.7752435
169.290595564
6756.50117994
12002.70783
317.726742057
990.457569506
126.065917531
52997.1431004
250.818216749
4424.59201427
42994.7706301
62.1143744422
4810.78009023
57775.4321965
390.204169796
808.958914583
1396.08534588
20.1720338388
69.823379334
45936.7942526
16224.5081713
3576.09141115
972.709829349
28334.5657621
1800.49302977
3130.42678212
87311.3347147
13334.6915358
54008.4722657
310.083370817
7171.58883516
281.629674101
10.0
216.593935911
16546.4329236
1224.45975442
20707.4660515
14817.4453932
111.075926285
9947.69684438
286.878372782
2752.11059201
1196.37006821
1059.14004928
22232.2374408
1389.59089425
49320.1289915
10.0
333.60771402
1713.17462978
3663.29812472
39062.5963118
31676.9483082
974.432533791
34339.5383314
2619.92625551
101068.175484
19629.2796001
94.0766658316
293.477529307
1635.06484242
51.0977438435
294.545662875
252.045013399
4502.00404742
3309.59201474
659.445163635
11736.1540474
97.9890618585
383.513555379
10905.8977657
139.992539499
3409.97687687
1872.51302089
24867.0043704
189.225858141
1882.48685822
19979.3124334
5480.33796583
2612.35280438
67228.1796507
15342.0742712
8206.13296141
23173.950832
2382.600364
15386.8380163
19741.1063669
39536.1546376
21043.1467451
12632.4288052
1845.87067421
6223.26188917
84.8966327807
2723.91053932
69.9047628842
62532.358635
7721.46494615
1858.9913661
3625.50853034
32.8568026436
701.820061554
42102.8738344
28.2977540334
312943.067486
4570.71706076
100.297879163
98.9326243163
25.3082815783
2827.2625118
10664.5888599
13741.4648415
39.4469497007
4912.08499366
25293.9940211
193.821797333
770.246894851
34068.0051488
2882.48569322
86.7906353399
8575.29317773
5738.92845255
81.112994074
69.0192021708
4691.03047669
55795.8978908
326.559522883
2666.43933727
28045.2282271
2098.37036168
1183.1664307
61915.5142192
457.05964446
1092.21720452
8888.82110053
2000.75490013
1071.3511511
35.3548583743
243.767087626
5545.59048814
3597.97713617
98378.9997733
252.468995208
1232.35566387
23109.8864605
33891.9488177
12334.2378305
3181.4343205
4721.71608166
1186.87969744
9964.85533511
359.248248872
41542.2714897
4674.05604239
34985.7287787
67389.5392486
4227.41814981
8942.08070765
1730.58329805
82823.4864866
36162.1046444
40350.222135
1406.44632325
3402.12676479
11408.2320904
35721.6567113
14618.3231418
115.607068739
79708.7262351
384.483212936
66445.1937512
3194.11954605
1484.07476339
1100.6018292
14113.867063
18120.1489771
1142.57377219
1617.2630639
18186.0449065
10564.4398402
262.069217341
12738.0045412
49615.5388262
73.0570993529
1064.00330758
42.9593221377
21.110513743
53.2765653234
2137.61008635
225.327302828
2078.92673709
5055.36992509
60.3389897439
9678.62578131
67.0584071166
29128.6613632
24822.1373798
197.635070409
15869.3515951
25.4455808404
9127.64630197
111.730409063
1790.17358368
1355.33339675
49273.0590065
1653.86162828
2553.74718621
3158.53214767
267.66931025
721.757693865
10855.3413243
44842.3362754
8846.04204522
20761.5617692
14199.5793341
28057.26705
5241.50697589
1256.47758775
12996.49657
46.6260581042
25256.3353627
332.265934387
18762.0295494
33.3569156572
2454.39000085
24698.8339243
1437.41876265
5443.29953879
868.064964122
5162.942246
1859.34104602
525.041815704
626.296195353
52.2620979894
29310.9142159
3408.35958619
7059.60634459
25565.8253309
10854.2026832
19834.7170033
7086.58957648
5649.24676028
792.978811572
1941.07361749
199.406725305
644.369617263
15077.2054591
29.9351850605
355.988069608
2050.38370378
5720.2296308
10079.4073734
12022.089847
1204.42402723
3574.74648543
136.900494675
1768.22024888
4727.93577639
38980.0844942
4649.72809205
35757.7225879
81.6889632926
39460.771955
25.6375018826
20084.8606691
390.124269212
651.449349577
80354.6681671
13561.8183213
34.4657591044
803.891904492
5746.65564467
58754.5746707
1325.97848034
5513.22995128
5761.54261666
223.495495477
3006.02960042
82168.3761844
323.142833364
6373.50473278
4226.1282102
4218.64885439
4075.66414957
24961.3689812
10795.8746961
5675.9095142
13708.1258143
5681.29046108
62398.4169535
19449.1058392
788.931110168
59895.6825821
1343.25081792
11238.2868616
8304.45235121
7651.76606957
31006.771541
3692.47498824
6685.92909502
67.3893986652
2121.55378537
10.0
16440.4462344
24801.8150782
26286.4771721
315.762101872
38484.2809532
5811.48541198
212.419574148
431.328893677
1011.33622201
4031.48087484
1256.50158999
42828.3682624
7444.28606826
36556.2080256
13276.6437292
22260.7268652
3475.27759743
275.577882953
1730.12704533
362.222833957
7116.77733514
1855.64134067
1616.84155065
10831.2089944
8071.49058719
1917.75853869
1098.56889264
39337.1686512
99283.7231198
45.0461956513
9229.0582902
1177.98047709
26.5565386601
2211.21216674
10546.1283669
4819.26701952
14989.7404801
271.044117726
201.572432516
329.879996033
49347.2452511
123887.415057
1804.1264092
46206.1467598
951.833853236
17463.3656251
19.269899969
2792.14119906
15684.910535
5624.09695957
2727.40209256
22980.3069105
4478.1492785
52.0903038804
7149.89974534
103263.440079
527.608013856
727.492864399
1643.60478735
3232.15469777
9501.65996421
314.242739237
451.573360714
95.1975963603
1823.19898594
133.076952455
16405.5718686
485.182410073
1809.74868412
103.18949861
2092.1703372
2956.53503731
6165.3580455
89701.53831
1621.12140949
13125.8504182
14298.9129167
9474.65436871
15268.8311586
255.782860524
24636.341414
5395.09841402
5962.23274545
13435.3106683
8291.31955696
46701.779459
45261.3775377
232.133531258
1160.86250772
3626.85496481
54777.3180664
3633.66095293
699.192958218
64112.6727096
386.260621733
25333.3328251
11318.8485692
118.667420593
1376.0369572
14974.4244653
4260.56342246
1605.72474481
147.746323138
17167.0134626
4735.98376377
13242.9385057