13313.0361192
102.513089106
11.699154137
192.513695961
68.7418680265
1036.61506901
159.7304212
678.91800683
140.789110663
2053.91850594
102.802696082
61.7474015584
2868.66918635
1872.90843984
1328.21474336
1593.08825389
1412.88753575
217.257182722
4326.81241546
10.0
197.309172441
535.96213755
846.909420752
2904.03206623
2659.3771419
736.594560156
1407.68792615
2372.39416604
2718.51204274
527.0224335
1086.50952079
6232.25430285
1059.86010624
4396.35871662
1390.26624749
456.274073718
488.235399728
3165.01052952
4812.75402532
662.946377988
1618.75204808
2591.25307141
56.3726134259
100.089393574
3079.98425775
269.164172061
37.9803123079
238.060069163
129.485662667
1498.58581837
531.444551497
4207.00313715
384.759579279
148.151462429
90.4295418137
24.6553902435
804.83974348
2590.73551987
3959.71950685
628.364419106
443.972152494
2380.83306128
1705.00015359
311.682220413
523.388769676
8520.07248427
2428.88680329
793.554097653
16306.9733438
10064.3324616
203.592795562
124.726610943
313.163385029
240.201863529
67.0800888075
7057.44372839
9806.90131458
2438.80502242
2330.42141157
35.0644974575
21.0873881409
43.5693684467
13.6653284458
2518.31103568
358.340359974
726.145294151
5687.48890196
2762.30402081
311.12433842
71.3112080471
133.026390382
238.169676003
19520.3973829
67.2754423974
1307.8126464
1782.61162981
2127.74205952
1463.81265315
12.0808074117
34.3464499068
206.470962684
8037.33449515
1209.18800615
129.335773075
271.599533416
760.921701579
372.363338464
1154.01057533
178.749290028
197.3095108
31.9617530751
170.981504799
1401.39576421
405.518033623
4707.76597612
1125.08383828
4588.31815486
187.727283548
397.513179983
71.9493580341
4581.54704233
3253.83586324
372.934436629
186.496905394
220.335470119
9396.4977494
1608.28500054
50.9297012284
2452.07988183
647.235974039
68.0374648992
69.4681884694
907.32011391
669.410023254
1455.93445135
1753.00522294
704.886225107
690.509655456
1214.42517365
140.567054526
2350.26119208
6680.70247373
15.7219105566
735.215369788
4058.80895108
207.432898178
2007.07118624
820.117461631
6148.71407995
1071.98894793
1859.05713281
96.924951865
155.84940061
167.091759879
526.58973314
172.828321826
4994.22178629
35.7819063511
14543.6301101
330.008275396
1769.66743584
493.866826316
572.438783632
2755.93708629
59.9760302566
12.0988837605
301.867722831
462.678316454
770.716144403
800.681967273
2885.06726384
7256.47440588
1568.97441421
1994.90527141
218.94033562
15.3082372597
2538.67982621
5634.87673239
338.018838319
59.9581403957
5921.42400239
1813.53652272
215.632071587
1758.84716693
27.2519584848
165.965872826
760.67490472
18.364210705
72.2826497455
22140.5690041
58.3930338681
982.315849412
2231.56847298
642.693277178
2197.98100109
527.437431961
749.928056285
439.774762249
11687.3575874
2182.75462141
1282.99221761
5960.40392458
292.285827527
2406.81594057
36.1471726625
1492.16089663
188.179774794
1911.64603864
192.260983943
4750.85711949
181.638831975
2017.38548841
1671.63326806
109.518780842
14930.3255937
3205.78187512
248.994024719
71.5196300683
613.180920535
315.767046086
101.415574639
963.132664333
1996.91347514
6677.91195305
2144.3563409
93.3399837413
421.783770302
1765.74462381
74.6083704873
1395.37027665
37.9726428056
9861.64673554
400.97480326
180.454748986
123.630171056
63.8662918012
66.5518829802
5076.29967261
788.537857613
236.286583064
7550.32982927
1076.33105069
261.785764644
297.467626682
10.0
46.0969749858
604.85949515
254.336991377
1685.71819738
88.7039533366
40.3996126507
770.660993042
1566.86357919
1748.34989649
2705.33851705
1567.9430349
138.186054089
35.5051196459
348.103083327
175.966834291
692.367417575
684.501619834
29.5540068264
2824.95944834
320.328950851
5762.33568784
216.61138088
96.226981919
1823.42182947
1246.26699652
1932.17182934
1059.01986654
48.0899990426
3793.26454067
405.819100007
1555.06026482
6924.26173341
3857.337874
62.0248420086
110.687410414
133.240321807
407.645241276
630.178141925
1521.76607699
1169.9395321
1115.217891
2660.59924257
1112.31315995
3285.12235877
426.578261692
1028.90581749
348.022194992
43.3714348681
2309.32482698
2484.95608768
4877.84833927
4782.64017674
7471.82537281
958.655238199
544.903048479
748.251035594
62.5260453192
1688.88180512
2503.39923612
2136.98832404
126.933441618
129.762994153
1048.3065926
144.563098212
846.446006295
522.613571511
1201.18112696
1346.04026757
901.764643184
3723.52964507
2429.83393387
14.2382098152
4180.70882002
102.281235576
4261.97774118
23.8170986142
687.386688232
233.134692079
32.7816788591
335.360604861
1381.25493902
2911.78260344
758.292288903
3482.89850274
13589.4877796
68.5146064002
714.12748782
296.333531585
291.235705422
935.27861773
2239.99424363
44.6015995553
249.593589362
1010.70475331
80.0191049284
62.0017952013
125.766621373
479.51862505
18581.3768325
3037.4086761
1580.91390882
481.719568444
294.912456679
3673.00112654
104.771738017
2368.24989637
183.55465257
71.2380975189
86.0276306664
3188.61798263
1551.55539158
295.005241742
1769.78812415
5860.4886306
1406.31363108
6716.12924159
9229.69413854
96.9140459008
5864.07569681
186.543962384
1590.02647655
2216.45376013
130.26144004
145.882206254
178.464117229
535.84477981
9250.79377846
408.957829323
573.12143451
4256.5527265
5030.31290428
2583.6838829
743.050583969
18101.4283357
75.6371322717
774.037328611
4099.93153402
509.191992192
321.467737458
1110.22722032
955.777017809
5177.94343035
2882.78313602
4350.06495909
1940.70615665
299.990022661
2327.06940156
1739.43032486
1342.37371889
421.17470862
515.99846072
3291.60422539
235.531115331
1627.8794398
959.747053015
1951.31676969
937.148762985
82.2073150134
1117.26817943
166.607330892
1208.09894777
30.4036417481
49.1486534144
250.777387708
10.0
35.7929870297
625.662194386
625.944196441
305.545219279
198.262902133
306.888280819
110.453135734
93.8508142769
8820.60400868
2273.28335508
45.9625319936
69.569939223
804.680880878
199.221468695
3809.03762743
775.261232166
2294.08382417
39.7753720664
85.0989812995
255.007430172
2545.62708249
574.304305084
686.144074783
10.0
513.07122136
598.407522339
985.194818887
4284.87091084
1299.11325348
481.134020405
668.424805034
809.102919564
2887.98094653
39.8194820561
780.87260353
4700.57427786
900.822147663
1629.72732691
524.541782282
116.900766473
31.5920548004
3507.71911176
184.023788938
2636.91914823
195.360338502
4727.04243729
16.543592768
6348.76015611
185.807915161
501.586888241
2054.65937535
41.9059316258
2290.58926731
830.39134288
1907.7423076
21.7478999549
1913.54218356
248.728168743
255.358045684
57.5538956315
731.319382785
2735.64621417
328.27031921
4284.54684942
803.354507612
3112.30206453
989.835638167
2724.24979716
62.8606044567
6473.49730245
750.797590718
1260.9767096
2407.82212438
3889.91058617
2519.42094497
2826.1854135
1319.52957179
3071.2899986
134.378553853
1562.67763712
25.5988787549
341.881268428
59.5375870167
2714.16343785
19.2688288053
1530.51543792
69.3470023696
486.670423281
10.0
556.60676589
240.256109422
2079.1076492
67.538856379
3001.83174665
1154.29963002
95.3314475492
3071.42727227
3442.74562743
2614.28308493
971.241182267
8754.27422331
31.5565709714
6770.91262703
715.811295144
137.804611876
1007.4331508
164.323636711
1358.46565829
13.8710771807
271.551941199
151.587023456
9737.00148085
120.644539374
80.7180718723
281.821829958
314.47319381
189.122115105
27.0002787287
414.327133238
1880.28965198
5444.11762596
1986.59488444
5474.06073751
1008.94156656
217.294524857
3812.66619673
1513.98595387
432.408961257
22.0894104208
1481.64513543
44.8437367958
36.5367041687
1552.55437308
1046.8988447
90.3302403342
184.923088214
367.807677933
161.989578195
340.299786779
46.2000016371
44.6926435441
4590.8799915
405.270729723
2049.77488099
21.070456901
281.371157634
31.7378896104
659.423989164
1039.44912242
528.837067652
308.226589558
22410.9619155
767.51634931
818.925348669
1293.56352111
2788.44881577
111.470021082
52.3035073433
359.178257897
26.8398886855
811.798663987
1211.53524551
10.0561706914
111.479551923
105.279570943
221.238015771
894.659016456
1054.84696371
223.907876725
566.459262698
168.93459546
174.847948091
253.882557686
2761.53619538
1978.04525972
710.451844704
154.092902349
4149.49110377
191.320187227
226.697094433
305.441066357
310.004240394
484.847144918
45.9817892661
903.358809065
1507.95966423
72.1968154061
175.306688979
37.6708351607
5827.10177748
60.7110783096
622.539320062
4807.81627635
24.1758549778
669.82271243
6309.31349042
84.2181073928
148.835110295
232.507543806
13.3960255927
25.9207006438
5109.14205406
1978.28933266
517.232912426
172.74656657
3282.38029579
287.643467901
460.987362525
9239.09819953
1657.57172301
5929.39590427
70.9058103378
952.350096397
66.0544154794
10.0
54.6465860318
2013.72821805
208.582937815
2467.42786832
1822.74078674
34.6679966873
1274.44019304
66.9549729807
412.622858211
204.631377754
185.162617521
2631.89522123
231.608639241
5454.05400206
10.0
74.8639062652
275.866372413
528.157040818
4402.84557347
3634.23975154
172.995316613
3912.64120659
395.571145866
10580.4716524
2350.58869792
31.1629210346
68.0835185177
265.275491329
21.59391171
68.2658022136
60.925800002
632.046874449
483.686949787
126.457007728
1477.86484661
31.9802277174
83.1235551359
1383.76713879
40.3993705079
496.352638231
297.310450332
2914.16603458
49.6792555046
298.64600386
2388.57189808
750.997967629
394.591577939
7255.70286435
1880.86578684
1073.42808648
2733.05189622
364.73266992
1885.81807107
2362.72886066
4451.76045752
2503.71062174
1578.84761303
293.739113571
840.034668032
29.2168846404
408.99213265
25.938886046
6786.74513056
1016.87758211
295.498598214
523.426346469
16.9950880154
132.860845329
4716.19263683
15.7533889242
30335.2654437
640.473364276
32.4594157688
32.1763352145
14.9106395637
422.280461984
1356.31127003
1703.02062022
18.7151368837
682.167297146
2959.69862506
50.5216891435
143.096698892
3884.32122331
429.36066942
29.621831672
1116.31143741
782.103958216
28.4021662715
25.7407537846
655.199761649
6109.87977946
73.6827030571
401.581000843
3251.78610744
327.375626854
202.770183971
6724.97436174
95.0117452788
189.881410192
1152.61057224
314.426093011
186.906687302
17.6564727064
59.4735552159
758.859374476
519.976851227
10319.2184113
60.9999679785
209.691786547
2726.1799844
3865.95068128
1545.31612975
467.462479773
658.950094327
203.293854431
1276.40525136
79.1293456121
4658.53452869
653.124212821
3979.97373006
7271.77841313
598.252323752
1158.7660511
278.219501341
8798.69373232
4102.32893152
4535.75302734
233.94063333
495.363497064
1440.76587336
4056.55089041
1800.63791158
35.5835969359
8492.14088041
83.282362057
7177.6615094
469.071210154
244.640451252
191.074822711
1744.5365525
2186.23132106
197.032726027
262.854027895
2193.4289623
1344.90165477
62.6739657201
1590.70441827
5484.09187409
26.6397888342
185.857508302
19.6022804977
13.6800451236
22.1139825272
332.563024949
56.208500018
324.801444453
699.587900767
23.767326266
1243.58832703
25.3000468382
3366.23258916
2909.37829443
51.2180146287
1939.1293265
14.9499068141
1180.1890705
34.8006955371
286.254929813
226.859014574
5449.26671156
267.829138027
387.001565959
464.556449315
63.6458233294
135.856154324
1378.01899985
4997.20463571
1147.66415543
2473.27786061
1754.07965124
3253.05952797
722.151810022
213.074198872
1619.70191047
20.5098239474
2955.68510905
74.6393378027
2256.25909764
17.1284937549
374.092949758
2896.21737375
238.217501953
746.531972436
157.530069892
712.637035385
295.545471905
105.75581541
121.409349732
21.8724649712
3385.45427914
496.148872094
939.15794246
2988.6565225
1377.8895143
2372.88747415
942.338354705
771.3305702
146.470680621
306.475894767
51.5407322605
124.165732583
1851.53989794
16.204948828
78.5896457976
321.017950709
779.858929922
1289.51711675
1510.1458581
205.765482648
517.064238859
39.798198058
283.298085061
659.709979589
4394.31856337
650.148303181
4060.30087992
28.5266975665
4443.9767369
15.0047006077
2400.01546149
84.2050526534
125.24263363
8555.77623566
1682.96190802
17.4224785115
148.086041514
783.031514326
6407.79143415
222.77815736
754.961726652
784.818202735
55.8817536045
445.15188012
8734.28040711
73.1086836455
857.922925055
598.093091991
597.169741347
579.48797718
2924.23359454
1371.25501477
774.535127113
1699.299665
775.181692107
6773.3356391
2331.01769922
145.870817828
6522.42227387
225.180562649
1421.50571832
1084.86489248
1008.72080719
3563.91008105
531.806352666
895.003904551
25.3746375524
330.441643217
10.0
2002.06663403
2907.2095015
3065.31930851
71.8654458328
4343.05437404
790.809189889
53.8962626973
90.8868903258
178.311296032
574.012489417
213.077560712
4790.73189533
984.401882947
4143.25715338
1651.07719135
2634.96006156
504.57226572
65.0127158449
278.157862851
79.6211189123
945.895235281
295.049487691
262.796656464
1375.27445028
1057.74727677
303.363007839
190.785567982
4431.21171865
10407.161687
20.1209828502
1191.88145436
202.038500909
15.2655851859
342.266240846
1342.81454529
670.857799093
1841.84715704
64.229901997
51.9345547503
74.2396659129
5456.81174305
12781.0319712
288.132153101
5136.6625373
169.727849961
2114.38269277
13.1194991045
417.770347452
1918.7660621
768.306615532
409.441870672
2712.27625094
629.118717123
21.8314577989
949.796396537
10793.4179158
106.157386096
136.715759669
266.436089512
473.8910601
1223.25887493
71.6089589365
94.1351289121
31.3977841038
290.695646602
39.0512415052
1998.22819119
99.4820559739
288.888131975
33.0564282446
326.555067222
438.833443659
833.130415798
9473.06284931
263.379103643
1634.19556057
1765.13369678
1220.15379407
1872.76036995
61.5789675664
2889.5453428
740.715918728
808.864844927
1668.8239646
1083.3379099
5187.274274
5040.08446828
57.4186706783
199.620629128
523.594980904
6007.07756182
524.44730636
132.465340714
6944.8159526
83.5733041839
2963.8907404
1430.63880734
36.1980050393
229.731075263
1840.14940755
602.342265025
261.282967509
41.8961209827
2081.89641018
660.6930986
1647.30514011