222.43319649
4.95567361771e+111
7.27426316488e+42
5.82586832755e+26
2.34733131171e+138
5.53834911057e+18
3.02395870309e+29
2801.70111482
2.1117467254e+19
1.26862867334e+22
21.2736535972
5.16487728585e+73
81919237.5098
6.02755198872e+58
5.05835769371e+120
2.47468769954e+78
8.38171176486e+79
3.7790060185e+11
4.04710362326e+26
26.2368579799
4.17611755902e+33
6.75379980061e+32
9346.95228629
6.67810262018e+16
2.33481074428e+59
4.07000554057e+19
3.19824731168e+71
1.46865755877e+54
2.30657504014e+22
5.32324215647e+32
2.50573361877e+63
1.33820255934e+81
2427205140.15
44583012.5592
1319.23576448
2.58376945202e+69
4903.2477881
57452674.6933
645.406375143
4.71331566988e+29
5.74361971813e+76
8.24015318313e+30
1021.97749275
356.713761238
2.35773668701e+63
7.65175943173e+39
993.497835245
792.971901174
2.65421480428e+56
2.03098110703e+12
265.896568359
3.38505125428e+13
2.90479048103e+24
645.636364463
3.4991088849e+41
1.60457344818e+229
2.75533735033e+126
8.51287790952e+40
1.05832414706e+25
4.26038991228e+109
5604294.08493
5.07220466919e+74
99.4470832956
1.36558534136e+34
5.6008719154e+34
746.543528923
2.17922649506e+47
6.77399191514e+123
235.237216628
76306458.643
8653.99180324
2.64807965991e+16
1.57833525137e+84
4452478097.22
932.881133998
1.06537875616e+17
71.7710444866
5.3859046729e+27
2.46591537744e+24
1859.90114544
4.85611551811e+89
4.47203729653e+28
4.5958640284e+183
13538054.5553
159559647.896
1.44488316793e+12
7.07750600628e+80
1.93233515956e+12
32648184685.0
4.96283229801e+130
4928.68247632
8.72743653078e+36
2489.48924407
7.78932459079e+57
5493.56565202
1.21809575471e+33
9.8877162958e+27
8.08156292053e+61
1.32720760485e+75
166889.207638
5.41572326734e+173
2.12526608311e+101
1.47318327423e+76
90.5729476782
4.66098216164e+85
1.74599044761e+188
8821.96611076
1673056.29579
9.09114517051e+28
920352.099433
1.57808186135e+112
1.01460300267e+106
3.09348595811e+57
1.84434832518e+109
4.30615366318e+26
3.81840881112e+98
574.004926398
4.30550145123e+37
503640076.181
6178.80067528
10657.8787993
114.888164082
9.59144261938e+38
7.46099696098e+28
1.548553856e+60
830.304525596
81050068.0583
1.41557849414e+103
7.28263070903e+32
1286695468.9
3.93862143533e+83
3.10764145523e+62
6890.1048239
2.21850348856e+44
2389.04211535
1.20235370947e+22
4.00460755279e+37
5.18782038127e+42
1.53230167314e+14
3.74091611285e+27
5.48520882437e+75
5.34716299144e+41
5.64625278304e+41
1.27789276421e+43
2.38658847338e+54
2.76631231188e+24
3.24257549665e+17
6.94142760324e+78
2.62013643859e+78
6.52710201092e+43
2.00201153054e+81
124.390035787
3.21156353502e+62
1.95309381566e+40
6.35067762072e+87
508.958088781
1.58483508937e+30
2986.48526862
8164417.52684
2.1641698506e+19
7.48722808859e+111
2949.97417208
6.00353312263e+56
1.3034861825e+144
21.7567293321
18.0696527617
574711.845865
1.24120623666e+31
6.66967111248e+229
111.521839215
9.02763983277e+37
2587.9251937
2.94818933107e+115
6.81370393315e+46
5.69716312354e+22
1.18394309495e+94
4631.15712287
150.083896566
1.55260076739e+19
2001.63815321
6.8500757337e+43
3.74570239031e+37
1.44656678844e+74
6.90421481516e+64
8.87369492634e+52
1.88959099247e+40
2.40337270569e+129
7.70041857982e+59
3.0526243932e+33
1.78589158776e+28
201347.674037
2341.70295026
2.69747460831e+78
1.31353154558e+41
1.52964071593e+72
1.70539104476e+24
9690.80702398
2.33666529157e+20
11708.0229611
35.8790517578
2.88121364929e+32
7.9318319603e+66
2372516773.32
69.7806182332
1.9995081283e+46
9.25603198773e+164
5.7552500201e+185
350.035244559
2.39522868716e+169
1039.16227408
9.69978831864e+18
1.17971339022e+78
294.744792154
58879.3528267
420852140.883
2.41944943189e+140
127.223168065
3.725333882e+56
1.91797475682e+168
12.9278771252
9.39695310006e+120
93.8027490596
1.8066490382e+40
8.43637325575e+72
21.2633803247
1.18627313562e+84
9.52187515275e+18
1.84367990805e+41
6.5975938032e+15
2.61307404153e+75
6.90035410235e+63
2.83645440894e+68
3.03235668646e+96
1.59143366187e+73
1.43347388648e+66
8.9897224385e+82
114.145275244
1.29161479322e+32
1.21245793003e+100
22.4558104916
3.13800560668e+62
130.002157671
2.05465356144e+93
5.94075876446e+27
1.70633424132e+73
4.88296511436e+75
7.67212695403e+17
5.037641638e+40
2.27961796993e+75
4.23740531147e+58
1.36514168493e+119
9.21637873003e+28
1.22739920895e+24
19.642150241
45.9436713465
5.59614420046e+126
1.62635808434e+19
1.67614023936e+15
310.865629722
1.20152759915e+66
3.2657609714e+109
2.09887206671e+82
3.35621854195e+29
1.56479116181e+47
1.16366890644e+138
35007313.9785
22.5266102306
7.81754238767e+60
5.48572560984e+49
8.11275239309e+54
2.46745587898e+48
1.29425841228e+31
190.814653988
29.0247534733
1261.62980809
4.04626471462e+50
2132.53421438
1.96489802657e+112
1.85864129841e+259
9.55888710756e+63
1.6602664353e+131
1.55723030124e+16
6.96082666083e+34
11.0372109427
1.12984040167e+56
2.7199534384e+52
13475390.8898
8.70242093004e+126
68.4613432244
6900.32750602
2.57193398651e+37
9.56564666584e+11
1.67544813785e+11
5687.86396656
2.47785892791e+23
1800.68872904
2.81779774817e+147
1.37265517189e+12
2.01139395674e+16
2.4949151446e+42
55.6418746737
3.90477993514e+73
1.54691986089e+37
4932.66368371
1.45435681757e+17
6.67737572851e+27
53.7320408526
1.8908650937e+23
2.28916881798e+19
3.00750875225e+39
393.162548753
7134.96141869
8.6431842866e+146
2.40464905391e+21
4.0208580257e+184
1.18226313469e+17
104.490020435
7.34370042179e+97
9.11460201319e+157
7273.40368416
4.61948910461e+88
3705.7165759
815.628667761
6789.75060767
4.47368599628e+21
1383.4804992
2.25351911275e+138
4.37614878433e+15
5.97926490002e+115
1.17891111866e+255
3.44350410784e+31
9472156.16185
2.90452556588e+92
4764.48858185
3.79734262131e+13
1.99484233788e+57
39910689.8798
1.08277464809e+127
9.4783098942e+142
725.587114698
3.95383387076e+39
2.5549643283e+20
1.81534909246e+156
3.41757731709e+85
1.70460949981e+127
2.17459989421e+31
8.46325782279e+28
5.05266004607e+51
4.42286973022e+47
1.36098579468e+64
8598.47623417
3.27506440982e+24
4.56343568177e+37
737718361.043
47284099.1961
1.52647138214e+35
1.05417511277e+66
2.76989426975e+107
66.0854149605
896881065.857
9.99775039621e+31
1.73954605418e+41
1.76889134652e+20
6214.01537874
2.41751185245e+17
1.74188754576e+143
4.49224589463e+131
14723.599582
2.53685649066e+54
8.39184759633e+67
19.9633543809
1.54725857873e+21
1.27143028446e+118
2.50603173879e+208
6.32885602412e+89
8.53000909832e+58
1.35021157653e+39
3063.18864474
9.03684277929e+33
1.97994261495e+21
2.10142125763e+148
669.093429673
8.67401807354e+173
1.40280948545e+15
1.53811037577e+24
701.463647136
inf
6.14959960614e+22
2.97953668749e+169
3.29617801556e+168
1.44047728495e+57
2.11095149544e+33
1.01238618336e+32
2.08060965707e+76
1.09881371047e+29
199.704942573
2194.71942142
576.499140851
7.80502034508e+175
8.07012101582e+40
4.61266508881e+53
10409478.7476
2.62550236925e+37
44.9220843728
318.907466053
4.77066936879e+38
7.14528170184e+233
2.76282079347e+44
inf
1.44662035627e+96
125.858032723
12.4721443282
7.34067125253e+27
3.56741392763e+84
2.88239922631e+60
1.20492226202e+61
868.235199711
1.70280981541e+32
12.4683531025
1.23209242837e+135
2.4542467549e+69
2.32320779182e+40
1.65819302692e+11
23720837.7214
867.608447471
1.78909810677e+62
1.06294328687e+17
2.11067190075e+31
5.20941566515e+82
1191.75458444
1.17227398971e+19
9.82786709126e+62
2.77705510201e+80
2.03843018833e+50
4.47483297465e+54
5.85976320878e+28
1.89524471765e+91
1373577745.09
1.66235316635e+35
3.2167934207e+38
5.82871173044e+14
4.01900033251e+222
2.14550047372e+87
1.39759617649e+49
3.66156985036e+37
11287.1494064
1.35855208009e+41
1630.28267903
5.92068911754e+18
1.0712942195e+22
1.24058203019e+230
1.07027135894e+58
1798.27091297
1.94850640111e+164
1612.2184019
1362.71790262
285.38069261
2.24660360759e+42
659.612905456
1.72029828162e+36
7.25119084909e+67
7347.81122221
66777639668.9
8.00425477061e+73
4.7403331291e+36
2.21327534263e+131
465836.640046
1.20975600763e+18
9.92837754337e+47
5445.56100698
2.17441444265e+48
5.21964561851e+124
10481.6851797
4.34729123538e+127
73.7039513494
18.5018814632
5.63592511821e+69
5.4475892926e+75
3.12881595889e+131
9.58071287438e+74
1.84526800367e+64
1.11279839484e+225
2.04597068535e+27
5.81553073472e+49
1463801.82499
3.61454990079e+13
147887598.492
5.53515365637e+89
1.88164521304e+47
1.08250602056e+182
6.2368477097e+71
1.63833131965e+31
2.50457857929e+124
7.32965517774e+47
3.14607402127e+23
1082075.36647
5.08970126924e+48
5284.8356603
3.76613532491e+170
3704.18338504
1.37969830592e+144
965.963104943
12104.1123452
1026014.2124
1.48263216915e+142
5.17952683721e+213
76470.1721348
1.19769379098e+145
4.09054540508e+24
8.11363172854e+65
2.75520344988e+68
7.06597582565e+176
107.669371584
360521.445727
1.08774078997e+22
9.03011935241e+49
2.11102584607e+195
2136.45116366
6776381988.55
5.38168685896e+121
3.55177344032e+149
2.64420954632e+90
1.03978879226e+142
8.60720073303e+79
8.23057771643e+21
1782.2356482
81283.881524
1.0445726188e+81
705.379488761
6.62167668316e+70
5.23981180744e+47
4128.46724997
6.99829017358e+41
1.07344352251e+44
2.69900717899e+92
160.553269157
11.7727238572
2.14205483792e+29
250.59519149
3.75472545984e+93
196.78777598
17.1612504341
1367030.6779
5108.00309304
15.8376983152
3.44560143758e+62
584.185959696
2.43740599733e+114
4.85381906386e+128
5.94759416905e+69
2.50385712418e+153
4192.85272281
6.04199462606e+78
8.77818097521e+273
2494.42140045
1.25149201818e+77
1.15316402697e+48
7.69863028987e+93
1.81796356947e+51
1.00330956433e+37
inf
3.98649992396e+70
1.16876610933e+196
4.09314466353e+11
30672898285.7
4129.34572054
1154.42328267
6.64063111879e+33
1.41258520601e+101
6.55046194295e+40
9473.04665322
inf
2.12078949932e+89
1.6060286548e+16
736477.321008
88.5085071392
2.92449706578e+29
87.7423565302
1.9616289524e+126
4209.5555119
1.2522690733e+26
129.929947511
533.377456039
13805232526.8
44560160.8633
73066071051.9
5.13164445648e+46
797.43774526
526.621196027
2.45245360579e+59
2.51747080578e+157
2.70634975416e+69
1.94762198781e+52
5.99354410366e+47
1.11862723537e+99
1755.10022606
2.69031909869e+112
7.10680811307e+50
4673.78374761
1138.63718549
45519851440.7
1.63588280762e+60
1.55223249515e+49
88008571760.2
2.08913798641e+45
2230.40569889
2.69226263533e+12
44.2510641161
1.17282233627e+48
2.59756720611e+120
10963.647484
1.17558432877e+137
206321642.169
1.49274000614e+118
14.969211649
5.11055613922e+79
6230.97799799
4.95149007077e+39
8.95966575419e+162
1.97548026596e+24
14534.7440017
12480.6823589
5.44117666503e+247
5.63956901815e+131
1309.52191906
1.30482921391e+43
3.29093649112e+80
5.29444857149e+28
8.03005268989e+37
3.50419185619e+248
2.61094033787e+62
1.08050194293e+40
1.09927091248e+288
10930.4792377
8.50954905191e+174
5.28992843469e+147
2.88518715388e+60
1.67065591494e+52
1.06873898373e+102
inf
1438.8675178
2.28645645698e+150
4.96226277483e+82
4.47559940902e+37
320.168393978
1.95274012196e+71
5.02654056469e+58
1.34151248162e+117
29.4621216096
1.51500769764e+105
3.07967826127e+186
2.26329078392e+43
145776548.823
12792.5143779
2.26316741985e+101
3.45707158832e+103
3.26436634349e+12
2.21594059138e+215
1.3840552351e+44
9.70121452776e+126
5793.90476618
8.60517193118e+64
1.35418552983e+82
5.90399965648e+77
3.46050388544e+57
1.49013677029e+25
2066428855.31
4.49239970072e+141
54.9285563137
4.2682881121e+68
215.209480771
9.43996757489e+89
16603560.1125
5.48789674885e+89
3.56921663602e+27
6.80155799759e+90
1.23508392602e+87
12479.7229904
2.00025295624e+131
3.27591116171e+27
2.59191196917e+47
2.29111472707e+162
2943.49207056
3.45592645441e+87
3.98491155038e+120
6.92850533351e+17
4.48096753935e+17
82829.8059134
5.62933062238e+227
2.55063751082e+95
7.62984876218e+230
9.02855217399e+223
1.31960471789e+91
7.26672273605e+12
1315.98655359
3.92207375807e+15
71.8340835478
4.6295588643e+12
1.57472028089e+126
8.9017395363e+123
28.1922017867
1783.86078667
120.952629135
300787.983345
9382.57402824
3.59224750285e+34
4.03098263437e+52
4979338.15546
2.00168994947e+151
1.42209135103e+184
2.02918765529e+40
1.40153361153e+73
6.47235101194e+29
9764.28146524
2.26687186464e+97
1.40191750669e+65
2519.64698315
15767255.5598
6.42241831914e+188
514960.875392
1.56138748097e+145
2.43924934455e+194
11744.3935669
1229.90685836
1.52804260283e+32
80120968344.0
1.29696360872e+26
5.23582002998e+141
4584.12814705
259.465273445
2.758905521e+74
3.41899192393e+101
3.16089072771e+23
5.08966159273e+24
1.09396663371e+80
4.60584238189e+62
6.58729056458e+33
1.02760299311e+230
2.47598528599e+104
1.13916460202e+149
2.35532251884e+103
1.48552689165e+35
8.44953425514e+174
2407503758.72
8.04750374208e+53
1.08365082783e+15
1.56254768233e+174
4.16874576994e+15
1.68297432525e+177
3.04992439652e+59
6290417195.41
1.12927996944e+21
3.15862749251e+102
1021.13247397
1.46373206491e+17
1.8583492121e+128
1.81763717212e+31
13.471024611
6115.07277057
1.44867947368e+60
1.53419191297e+105
4.09145292661e+99
859.256704334
3.89106226031e+82
5.70609880294e+28
9.92871813172e+77
1.8298196212e+106
2.15407046544e+33
106966443.355
1521390468.54
87164.5481698
4.49113102053e+72
545.965871058
353.279193805
51944.0898537
2.90833108076e+44
1.66219830337e+199
2.90971335676e+141
1.7321739613e+42
1061.87708984
1285.9108909
1.55558402254e+70
4371.12371745
2.77384067517e+46
6.58767266468e+48
4.98565460278e+116
6.08515773443e+238
2.01614274023e+16
2.28295428752e+94
1.13204757697e+57
1194.26264775
3.21187458148e+81
1.33385483902e+188
1.38865067381e+60
7.33880698764e+146
4.10914537373e+70
429.647726088
1797.1995128
2.80370749543e+109
17.8237259864
9.12081374852e+57
1.8120502728e+11
1.78501726856e+14
4.90738305751e+56
2.80652940654e+120
1.19628510467e+25
529288812.957
2.55981046167e+30
1.01182282085e+204
2.56090529561e+102
1.40016223908e+298
1.49298355104e+80
44.100899213
758662448.53
4.15162557939e+23
3.00061286841e+44
2.2187956994e+191
inf
7.69061642843e+192
1.72951557763e+139
1.07823478881e+27
550.048727809
1.95252083151e+30
3.68834927949e+257
2.11732037806e+81
7279.99694551
9569.17674192
2.90130225487e+215
9.87735001643e+223
1.78636640048e+14
1.20495796415e+40
1.95545240523e+43
2.31752870349e+34
5997.92773031
inf
1476.74399245
2.4062092104e+58
9593.85134372
254.101249474
2.14504625697e+79
1.26560081412e+202
2.80175391192e+89
1.9047208855e+65
3.00299985238e+122
5.8281328947e+12
46547162.4239
4.87901157194e+282
5.8625913002e+201
8.99345650119e+177
6.40301052211e+14
5.57144702742e+59
1.00289417789e+67
7.64429519261e+40
13156.4917952
1.40286739082e+66
2.17009382847e+78
81520282842.9
1.95819099639e+84
6.05468327159e+237
1.39298290549e+11
1.30722402182e+29
6.64741219684e+88
8.9023576597e+227
1.60833185925e+92
1.1181214483e+34
8.58610851922e+16
3.29199887467e+58
1662775989.74
5.71891099728e+21
2.47917612828e+190
9.07715444284e+48
588814112.584
1.22573710643e+42
9.58768687964e+83
4.34895656787e+284
1.03479187656e+144
5.83148661751e+122
1.20882972648e+201
1199.80176754
4.59123112236e+58
2090.54965481
7.12863210037e+43
2.98448967623e+74
6.64271667391e+72
8.81683863988e+92
2.98096618002e+193
2.98429479928e+158
1.3332202717e+72
2.21917657376e+117
4.5339323227e+52
3.05177958195e+148
7.00974329321e+105
5.26131149166e+280
1047.54851627
2.01665873795e+298
179.834814624
3818.15019145
1.16721469974e+107
6.63999759972e+90
7.26949790282e+169
1.45255440054e+122
2.64230986578e+71
30.961349927
61289624782.0
5.24699051712e+92
3172.61622255
5.3209140501e+65
4.80355086834e+19
8.6353989755e+130
49316.3180236
3209598189.26
34314465.4816
1.80164132567e+52
96.940839588
6346047242.41
2.71728100161e+144
1.53026984239e+134
1.78566618e+29
253.629674986
6.01199141483e+30
5.38520200629e+122
1.37587220049e+66
213.693777026
3.28399950039e+91
2.40872280863e+34
1.87676905521e+33
inf
1.12943426284e+80
735.434565838
1398954.06495
8.25690855341e+19
1590.04708655
2.43916401314e+193
1.97499886092e+70
1.20695263845e+81
4.05357740011e+65
1.30531654901e+125
385041.739225
2.00283226504e+97
9.7745255539e+112
1.60649834925e+70
4.88469636761e+116
1.2776699116e+238
4.3628567636e+35
3.06825334112e+299
1010.10907073
1.37228279626e+155
1.4720185355e+204
1388844.42952
6.31340804819e+103
2.78477167837e+111
4.80667126969e+72
inf
1.25538550557e+46
3.13293055363e+24
7.15914515719e+118
1.81108862999e+185
1.54713819203e+21
3.34856984568e+224
1657.61476075
8.89131057924e+53
7.459080974e+68
1.38780866319e+65
1292637.84291
3.87765108176e+130
2.7670613123e+66
6.82617005402e+166
2.67990823751e+74
9.01841786762e+290
6.62050477971e+90
8.44449299414e+177
24.2454953335
8.18781564806e+59
9.96034126234e+23
7.99129366472e+67
4246.40560041
6.35428736583e+20
2.60609196732e+234
inf
1.61814413629e+58
1.42832384076e+184
5.87723738832e+192
7.26892614952e+91
2.83839813136e+35
7.31671462866e+52
63.2676570046
9.46847963259e+92
205.252185736
1.36981105239e+19
2.10762117165e+264
3.14371630375e+40
634.485815294
inf
228.440194212
2.25506334677e+200
9.67866657002e+89
1.38311523394e+62
2.03135147377e+133
6398359268.49
3.3990074061e+26