17.6212680472
341.689123864
163.926884653
758.392403288
60.0274772351
175.092889266
80.1628698271
26.8370834775
61.3271477313
58.4919797132
10.6081749952
682.835443708
58.9823015266
62.2904255501
134.376292915
92.3714851494
1937.6579093
29.6668833214
794.61702516
12.0480318879
19.8597152228
257.555641992
26.9039846842
150.871631178
40.4713916439
97.3378498003
623.602886491
137.981234275
53.0684463856
68.6277187627
429.912823679
162.285788103
31.798292172
16.9320169463
23.7289900191
452.573046779
29.3867349949
76.3571550979
16.7241868148
47.4655642286
170.840988212
351.534061457
22.752319737
19.0914299326
199.15192822
82.7950956634
22.6464585901
21.8176667983
2385.25320694
15.1866382482
13.2460744939
79.710010467
73.8783526424
21.0855844547
24.3948522911
88081.0990363
1000.73067616
216.643953718
55.6487817345
70.7634304534
38.1896838109
402.489744851
15.3302948162
244.582634558
163.80536291
21.6004909061
43.5521165251
1895.63015745
17.7903632483
47.7659734773
32.2076800628
41.9664479766
66.555742599
18.8793551084
22.4122421426
51.4829386316
14.4721401161
104.525290578
53.9426491516
25.1028904908
106.917465925
58.9410106213
4313.94597507
51.6568828666
61.859764084
78.0077126945
123.933910197
71.9149512854
11.5971472779
3546.62134674
29.4113334775
57.6104625153
26.3259473897
79.7867740879
29.931712767
322.012051141
88.7543338312
1174.78304498
15.2622301921
44.092878099
480.530380864
797.212472335
81.1718825678
15.08044725
39.9833728151
581.940808965
32.3075086837
63.0142927825
97.896367059
29.8923087494
3319.91129782
2211.20229563
12.6685127123
395.555265495
22.88881631
482.507435818
20.6765494979
145.059762026
27.3044751564
30.5052856886
33.3051792866
15.7224464416
205.648329674
20.3489566895
19.7728319615
21.9845633668
67.9027843788
1832.15090678
54.704018027
70.3649875745
998.068853274
29.1762436995
31.0462790347
17.8152446952
26.1499048142
81.6475709537
71.7742016865
61.3003469452
15.6814730985
62.6252618007
25.6625318076
4519.237086
388.254967482
1402.28086913
682.314567951
19.3499090246
45.6963222739
64.657881839
133.691203009
29.9106982143
75.3642082479
15.9416966145
785.167974597
287.61085651
14.7882577662
20.2654037485
282.347444233
27.1172242538
38.4201036717
144.96563035
16.8642174246
27.0630613023
143.713963809
234.527165361
11.6309372967
11.2269445821
43.9275664557
56.4671511219
6841.28246788
15.641008904
49.7255625368
26.4927078708
2600.1805209
387.939823731
11.0967322628
43.5234937082
29.1165913019
16.4694799791
60.9384681086
25.405945115
69.1391827606
82.1852821622
128.432397382
1375.45079454
56.2989926113
207.181192535
209.325770655
61.8534231779
88.8579287232
82.4950117159
29.6198826494
26.0647499968
56.5139893136
716.009577456
24.3749692966
51.2221626247
32.7995698401
767.069511496
33.8120431604
12.7679961686
656.008188928
83.6720442087
66.0234321725
14.3999003351
817.339386341
319.736162541
27521.6992429
19.0306738016
9338.22202
16.5587223881
52.4402869665
551.471672898
18.4854958822
13.6673840396
60.0702550591
2385.53041812
16.0042737959
135.24654789
627.968001727
10.5216477753
1889.18599426
15.1737322553
82.0791127599
3242.5394959
11.5805222818
684.859728189
49.1360346347
69.9349853283
35.1594111717
150.620317475
236.75189049
72.9375583312
41.9686865602
36.5282816958
52.2904797912
114.722331801
15.7046532398
76.5415690036
71.7629343851
11.700692338
11.9716914243
15.40508203
693.712213023
241.687607604
98.0137172716
55.3138935873
848.148313758
550.470957965
51.8974093903
27.6517550473
156.892294197
84.4965468265
99.1546765522
11.4073219207
13.3578708949
8264.98712516
89.3527609797
14.1358131007
18.6529243416
41.4224935056
963.120302427
153.006297454
79.3029024585
221.027845207
3631.95549872
62.2350595406
11.7076506304
38.188025929
241.072810215
244.276545774
205.767907104
32.4999154978
17.1648192565
12.2771554375
23.5555105173
69.043994638
25.6700322749
211.982560741
88369.421118
64.5679914762
91.9117878245
23.0732685061
20.3424169213
10.1985507326
852.475968804
88.9052135971
69.774913177
1010.58904797
14.3510302848
31.0537025334
291.831377629
15.8368845622
18.5896344651
30.1002382861
15.7612271082
22.6051119743
602.350194716
28.8873893214
509.041495101
252.130925835
13.8281717967
42.9826379702
23.8425260855
29.4151740564
16.331013824
171.813864167
11.4867803175
49.7590744148
12.9746253983
241.984163129
19.4068071615
31.2215815485
3969.2409761
16.4995122524
50440.1599337
52.1027521057
15.4638178095
280.488741822
9202.46064685
31.3184561429
1571.49888978
28.083957295
21.919733229
30.9729045579
62.7320294118
23.9150159893
4695.98586776
201.099363935
51071.1015816
50005.859559
89.6485868351
87.9633403888
819.265063793
29.250601982
80.3059623576
801.73165339
75.4254735777
7930.78694136
355.20488704
21.4986675307
52.4499472484
45.6370317732
316.530251073
18803.8095354
492.850370887
64.8008888505
135.902880404
373.102162479
227.057710411
170.759445267
32.1743261849
80.9865258862
50.7789348207
59.1910178864
79.0028727109
61.6232424455
82.3797789033
10435.8542482
14.2609253317
82.4577279101
48.0403531258
264.176612707
163.592680752
30.5332791723
23.4319809835
170.463099456
88.298690452
35.079494657
170.21479862
102.551762282
11.44260502
25.984842227
1666.77964071
116.255321414
533.165252363
22.7340914629
257.263560205
27.2292050817
67.1762139032
61.1508138593
460.55536504
21.2111097219
113.777470292
29.2595305434
734.727178663
21.3783011082
5146170.73522
52.4991843052
322.238218224
3374.84603595
54.7760907434
65.5820387703
54.1015137254
15459.0548394
50.0712783979
17.2993592638
25.7906953863
20.6915063677
116777.793725
33.0904518357
25.8043462818
21.7057550089
172.274410816
13.3034306763
18.7336800854
58.6904527552
10198.9940606
244.086430528
130705.327516
4432.40737185
15.9742727304
10.4477656457
1311.50616151
99.9653002534
571.356083937
256.446830686
22.1477033351
86.6861048638
10.4471411466
826.01095599
166.984940828
448.611915595
20.4384803634
46.9658587011
22.1450574938
553.613552481
70.6247807866
122.778520824
213.604051786
23.33579131
72.6487003619
31.6874953804
165.525373597
33.7340681295
524.947789636
157.250363137
59.4093284261
80.420573196
132.820900619
273.172714001
66.5504817184
9028.38412402
212.015044485
11.5848582892
216.643502215
33.6137099425
276.721406651
16.2812380804
1063.87854461
21.9484817547
539532.902149
47.4460614636
24.9649532795
7244.09247483
24.5226538817
23.8557151497
18.3846030751
23.9897235102
21.1608362775
222.624824724
692.701817054
31.3698795032
139.785107611
1946.0800179
117.834047974
876.761768428
38.7459469535
64.5180296882
329.185025165
29.8892990197
360.48019722
2126.88417057
33.2160343669
1405.33683767
14.5406523762
11.277851763
147.221869123
523.51303008
78.6027622136
190.014047078
50.0090904399
24545.2702326
88.8300975942
31.8638185226
61.6624278312
10.7878250745
64.7371878179
7479.86254123
1370.02105605
12753.7322333
194.059623029
124.156221684
17176.1353369
1108.4859295
54.7571985102
35.7731033151
764.555102662
29.7449485947
16500.3014516
28.0820728222
398.945315655
22.5416219396
33.9932664998
38.6212380522
28954.0448983
92297.1247823
32.2362071485
20579.7330854
39.1188954545
585.589352148
68.8917786246
28659.1583481
15.5451675797
43.702606597
18.7931872962
82.7434433051
2858.69242323
15.6991438343
78.6252119088
372.663830464
922.691573601
750.678575453
5801.62697578
1002.70544274
133.140696071
24.928405898
29.5346246634
1440.71278227
21.3980773854
3129.53556251
385.242081006
28.5799837832
43.7458578945
74.5603472114
627.416694025
16.6624039403
10.3296304103
1901.93843447
17.9830651209
1796.77906869
17.2557901349
11.1163843035
63.5036863592
29.5817702857
10.9457529492
3335.56746885
20.7372562147
3852.49924942
169.563552982
541.51334399
7385.16464896
28.6517092652
223.878046314
15487.2168123
26.3344350453
28.458360093
18.0567308907
61.5606010422
216.576587478
257.990413626
41247.8643536
38.4539872351
3831.01163399
28.3437192273
46.2693384117
28.5809687611
23.2138709251
124.142586758
2903.10025126
233.936135072
32.6798608645
1435.13996164
926.552022927
35.5369497354
24.872869229
15.0193045837
35.901275808
14.9962997635
1003.643843
15.0167026014
59.3644803422
16.0629485476
20.4247502451
89.3348007122
78.6932219965
57.2311854317
29.7004686655
21.8379800526
20.3812972914
201.364976309
34647.9563125
246.600208679
46.6496145133
412.867910069
2348.28148448
24.8659174319
269.694670191
114.864093854
29.1597866893
23.1613026558
138.050029294
98.7963536324
113.415361092
145.840025242
67.6156629455
25.8586346939
291.02299863
13.2670843091
3038.37522272
671.5296728
15.9384301379
1911.11187397
105.176771893
9512.55926727
10.8268659109
215.399145956
30.5467154869
68.8890946949
30.8915719721
97.1922541074
35.0068954607
34.1609691385
47512.2711708
1022.75209838
23.7001948385
52.4987683469
2863.51710506
98.1774075663
898.890149068
231625.541589
665.170269737
482.770602058
1034680.71188
33.4406761296
9325.9354533
350.236156336
527.31826459
82.870163755
1096.90373502
880153.579486
24.0695828981
1664.31660265
5956.24352855
178.007304913
18.7461836395
505.281201953
306.361268364
1191.2649425
12.3113436898
799.872363381
786.548482968
626.677959785
65.9124935021
34.2966344466
1667.22907966
1586.1461263
57.1783910952
10084849.8205
174.566356765
13748.5566732
30.1901664422
1152.1259244
3860.22252327
6930.1574483
219.686709751
173.531141114
52.6675444032
422.825269346
13.796110248
124.483161011
17.5221459676
1404.19797562
67.0156640177
1118.14382707
39.2748104009
1812.27458858
551.4904731
34.160547357
6274.90385722
333.410409874
1453.96474164
48777.4757564
27.0533859234
20.5660366554
15095.4173231
13.1730212876
669.140556977
22.9655699637
32871.2159486
2305.03572576
68726.5849991
977.998734957
523.080669055
19.5604173929
23.7193783853
101.368176351
14.4743995836
23.0623974745
1222.01016273
1674.96195911
12.2108168486
24.932122595
15.8641018244
50.1586917495
32.6294401725
113.439832439
789.650412388
78.5353376154
6890.38855483
60449.8270184
770.881635331
649.289793009
132.475407504
32.8394476633
1938.83632948
6372.4036862
26.3776237531
82.9723170664
516181.095156
56.4108172969
6256.96949892
10195.9228121
33.8288981479
23.4570779886
550.417884859
126.462344471
18.6691183761
230253.934366
29.0685421399
18.0897898149
175.054265823
1123.74862785
1533.98917321
135.239689282
2101.92602833
3238.63006773
335.980191623
1102.20956667
1412.99308955
982.832916412
45.4281287229
305.643097445
1647.60439319
106.257330165
1592.67085239
331.552322253
1291.31619755
28.5298442522
506.224436102
50.0005805513
83.4988339514
29.5043424025
1275.75059236
22.7492151336
38.2506177721
2029.5326244
289.129751372
10.6067723464
30.4542807363
290.659080274
36909.8370242
764.732836834
22.1096440664
521.127455187
612.261749284
144.452662552
178366.212333
321.901447496
75.3269887662
42.4321700971
44.8763238844
2605.73683426
20.5044731732
15.7686907402
28.5210931924
167.307995214
2060.12200496
5727.76379926
587.576165388
22.8964794366
23.6294381481
3396.91450973
28.8455419753
52.7059351525
257.500509166
5944.59037729
193473.697044
83.4414140887
1321.3117899
50.6129977113
23.3438652611
1148.57825765
1823.57840493
86.1445293627
2365.92689551
183.08388992
19.6983604496
24.9625200124
10707.6650502
11.1975022176
715.607991592
19.0378762526
13.4064063549
1522.99691404
2353.93084112
126.604310018
82.3261880183
479.466363433
30410.7702979
37435.3747696
15048.2510173
258.549637521
13.2588850267
45.5722004204
639.33019528
194.906565052
4728.63483593
443133.514783
505924.21413
94.9739902657
1040.80903654
20.5299928033
202.231559722
768389.34398
826.917107883
31.323030706
32.7329901654
18235.2884424
13143.3420748
327.739774821
178.818512199
428.659119131
83.3181633033
30.359337355
589408.08212
24.1723940344
747.036781758
32.7465545289
18.0256314274
240.293613073
903.218405129
202.36177394
79.2892684307
6995.88083748
48.4126648939
65.1324464471
467435.17158
10693.9842665
4734.1801961
108.069740407
51.5319635988
135.399479612
27.1554136978
34.4514954102
4110.90110598
572.80400239
136.468755533
999.078754574
3461060.19158
70.3879112559
86.9281707835
837.102783474
16881.8157329
81.1236296469
274.165453032
38.1506402482
3478.97936493
70.8518969118
514.989228122
23533.5400342
576.18634255
73.2741688146
1582.04017762
165.107124202
78769.71508
11159.9209402
59.1227862612
59713.2316499
23.361645754
2093.48094625
25.5868644093
84.442206154
226.774619654
288.806503325
21290.3083959
1426.54431905
6959.36476344
520.59288174
36198.9853775
130.51093477
5457.19342101
20701.8731715
8138.31778264
22.8452488743
339412.122822
16.9910138896
28.2203823349
1085.71959849
251.13039191
5743.87714322
237.722140845
667.951621913
12.425274223
114.570761019
53.3984051486
27.3849112066
463.414201378
30.7513610277
5810.3434657
37.8775213388
78.4937215052
87.0632276509
32.3229030966
15.2617491831
91.1844930211
613.858889869
2999.88483101
174.524537652
18.0199355817
61.350313142
187754.310681
444.073940616
17.5009859327
1206.25182381
5019.41368867
55.9563070805
763.558638387
735.574775001
21.5468227402
37.8304147538
218.146134656
24.4670885775
37275.924227
51.0081526253
62.3912242834
5424.52732725
815.25154985
55.4860141476
966.206902625
7131.28974597
224.401487533
1666.08811319
291720.866777
123.530680528
823.379073519
22.7085132412
21953.0711719
67722.1443438
38.0490374884
984.576527045
1581.81866813
502.018203379
1197586.69252
406.84879553
41.8776108018
376.293383192
22573.6962751
38.2635887615
75601.8387932
24.634427077
463.887124169
1699.57166551
2262.51219146
35.4672760924
5558.01210002
436.879166507
7663.02590798
1072.86123292
28321.6165852
673.004802722
17931.7751405
11.8709876108
216.567790632
181.908234215
63.4341966761
28.7106594366
149.755752113
114894.910211
3096163.67622
692.585028869
2700.27785625
31104.180339
723.011842897
143.431643235
5622.86529085
14.1503557047
3077.18070127
17.3807226771
117.842606435
32997.9269662
56.3955222835
21.0245441659
174771.719309
17.70161154
64401.2506665
866.011646226
9683.5846145
326621.299772
19.0994514712
88.8769293958