31.8336905548
24604531.9339
89499.4036397
654525.78468
415395.448761
22636.6893257
8281.70331907
76.7112572224
1637.82514103
621.270117514
11.5608064618
2863910.89526
620.54240997
5064.91984748
3566938.8426
160652.703546
302580038.478
224.108241273
619473.489898
14.5619112551
390.860335129
37562.1186388
84.9344401392
6852.58940101
3453.06168485
3443.44047374
7023936.53877
30521.5082374
724.746388885
3389.3853882
1003523.60639
324135.539587
229.788430553
37.8292545179
59.2467663774
2730657.92804
92.8425087415
879.319124928
31.6723059947
583.560317315
361259.03391
201750.533899
54.25281947
37.6077423442
946595.859612
10103.5932714
53.7256172508
49.6930519145
27833733.3348
49.3989548609
19.827088282
1631.35000356
4742.37725576
46.2706336006
1074.37728607
1.02631486643e+16
371059696.709
37796.3233152
2607.70263577
168274.340415
244.471062594
1251410.51371
23.8584832526
61093.7377681
34033.057926
48.6641398518
7742.7665073
1147008034.8
32.471544677
433.48290675
112.608148657
686.989931155
37784.0799957
84.8702338292
52.568960216
612.516740113
21.1879970578
6380.98600659
1462.6630141
66.6706080082
333744.817173
773.07351707
63993906139.9
433.796562621
706.932629711
1174.83408803
337570.988059
1693.00440972
25.0095890111
645783022.559
93.0061264064
2738.40160751
73.6738562115
27643.1324519
96.503366543
143150.530869
4232.09950609
20777207.3778
313.536215305
237.566466119
1356187129.49
11543270.528
39806.1818061
23.0632902961
1289.51647685
657092119.065
113.344794622
508.597354273
4012.75214164
141.07309694
3481882398.37
235323568.684
111.628979153
7401985.88911
188.482654095
13516061.7063
44.4152417229
23070.1544492
182.245528675
100.437685323
120.846965096
25.1360059642
36724.1417766
115.19268827
469.882754211
50.4915849828
782.643470432
381014279.454
1389.30379662
1028.62073179
15093040.3057
10619.8312719
104.225172148
307.339419671
72.64285346
2624.372976
4501.54678835
7998.17208958
51.0253984179
964.594277337
2493.26021221
44052739.6394
212846.228504
9684891.76991
1983832.40123
123.544734821
516.024760785
23861.5013892
96301.0093704
1248.57150818
46661.5278432
25.8659642245
10172007.4098
169115.1431
140.075527148
42.591193059
70547.1511277
78.4037283034
253.870181268
7058.43694384
6326.59702231
78.0749689167
34275.4627068
2487548.77911
13.5567473533
12.6204629067
260.487318007
13797.3068635
2.07723166694e+12
24.8677434226
1253.92164754
74.6576399567
810128356.8
495311.269244
22.1078080823
25767.5306427
91.0557124532
27.6694600138
737.45422237
68.3711846543
12176.7431719
1899.26315425
46909.9415904
16240279.1574
8330.12281343
123542.65186
4242158.53925
4434.99810146
6023.51787718
8727.04127278
118.766611048
72.1469167797
17520.2873682
708029.226273
2160.63832761
1299.60426377
117.013050187
388704.396266
124.756287179
16.3895963455
736389.563786
65778.7310274
690.802796882
20.971003325
975741.648422
117378365.97
6.04682922471e+12
37.3588705013
4.55145516472e+11
32.0884668329
1569.13947774
5207872.44718
35.1653190754
26.5090284006
725.14478901
7245920829.73
26.0763744623
31965.2602372
1004582223.35
11.0733052342
771853917.728
23.3584858263
8148.87321518
308328093.03
13.4379057851
20486545.122
869.836288001
1639.02075148
295.14782039
230820.05258
77813.6773768
10830.0170957
20360.7568587
9916.20424933
9045.16425048
93448.7689937
25.0772608949
3222.6170025
47978.6295239
13.7221212413
114.897355673
24.6051976379
7254114.85863
87791.4207684
151532.10297
16456.0274555
307696.645789
927704.044608
8237.68907161
1322.55947605
2427407.59778
4844.12313658
6712.84821328
13.0339771733
17.9750312713
8290282271.05
1610.46922711
31.5450836025
35.8313962071
15964.856733
69134066.6453
237006.763471
1480.87662794
26606.6895122
36840484873.0
635.152883614
13.7386778897
2227.46303029
192641.662462
101614.908114
96715.7308689
222.614522041
30.1458266513
15.130802154
58.3425645309
16252.1404264
69.8717296784
1170978.97367
1.6779363486e+15
58241.6496303
1318924.54817
96.9735353122
242.366412988
10.4014422082
3138093.7355
6125.22039078
710.211689174
571390139.992
20.8248931441
104.277662162
139470.934457
38.1104427175
65.2841173045
97.6506706313
66.9949568041
56.28863142
201203238.819
147.558199287
99212.1721201
195892.649579
19.2962241301
25602.4837451
404.515179213
93.0316859754
47.8859647077
33509.5640075
14.0247821557
574.343733059
31.5414863339
135939.198631
38.9138636061
105.468449056
2673225424.36
75.2085534487
1.51691305388e+13
722.70495633
24.2894252471
1362086.01821
1.41044032491e+12
106.158861328
169461517.964
84.3955235672
50.1805901615
103.707111554
3240.88915813
60.2246150062
5775940494.0
19864.2111887
3.04719037846e+12
8.58973970608e+15
5851.23853293
999.732244636
33836002.4299
91.9397841277
1440.29044814
5401695.10508
878.994388348
36497504120.4
10617357.5059
48.1856957577
2581.93210576
383.545879545
69289213.1364
52984877908.5
42823871.3709
3173.38819313
8853.25837644
695551.551896
536933.645416
402418.417397
112.362595106
2604.4501216
2893.12032258
683.700687996
960.638947474
1724.87171615
20463.1260979
30193149312.9
20.5569497004
1299.92331196
823.891996174
85149.1726682
10809.6259839
100.631840589
105.621272886
4574948.76192
1002025.39477
134.821350044
79898.2721948
26629.9455961
13.1157163374
329.560125343
3557895103.23
314600161.269
109929139.238
301.459189534
164970.07505
79.0857646083
2271.48884314
730.332310226
74744812.5184
46.8481763775
9096896.52285
175.189500916
663073.627606
47.6233829356
4.87864747157e+21
3068.51471483
51295729.9586
11021153552.6
7057.56786083
1082.20993101
1977.05386866
17372770936.0
713.795934472
30.6381899291
70.563119911
44.4823706137
5.42202262164e+13
1543.80321514
6013.98617656
90.8938360313
89198.2070435
17.8253750266
36.1550655144
3013.94591883
4.8787975406e+12
103727.910948
3.62948248256e+17
404902371.893
25.975383767
10.9176343659
1438990.60773
29374.0321917
650408.533982
321947.589778
51.2787269046
7417.94489435
10.9163236895
428886157.213
136754.790069
769609.35407
95.7710523079
385.986381734
51.2659089094
3690908.88726
1605.53605404
11436.0461515
2210282.28764
57.2080046597
932.206967656
2166.63033218
2355363.78039
4147.62331882
3398089.38727
68816.5806343
3124.69006375
1289.72039886
20004.0211846
207317.483908
1221.97926057
1.34140598913e+13
405283.443092
96.1108165049
45932.5882688
123.218725028
394584.636086
31.9880774234
522353.662616
110.321397313
2.20164964232e+17
16431.6781987
65.9041388496
45255116503.1
63.4782811893
59.91197134
34.7671790876
514.99282791
46.6164075035
62527.4482325
2889481.78432
106.52632099
4337.66126784
119615637.262
4826.04499561
207169425.764
208.426445018
1623.14231777
107470.498566
96.2157531117
683141.979592
190972259.505
120.166236767
952031235.929
21.394911763
12.7364292184
92256.4873557
3438482.06387
310140.49626
2506030.48974
7227.26996933
9.49211574041e+13
5535.33980648
1939.14438136
485.871149135
13.2763206341
757.86559274
4114647136.95
3549042.97233
1.10300353936e+12
204550.175168
21940.6326322
1.95320300191e+11
4052188.01078
1575.84611668
194.071654477
7117166.86616
95.2403114263
82961646989.8
84.3836150455
36467486.7881
53.2062275127
126.170053701
219.918658591
2.89266844779e+12
8.33426476796e+14
134.125164073
1.16880677001e+11
1185.4075371
5169645.23989
1583.36442871
2.38903624912e+13
24.5540231509
249.065438586
110.447480847
4917.57413475
1.36228916913e+11
30.3899089907
1369.22766468
1999048.84951
239262408.388
13532499.4334
37612691894.4
9328156.35385
8043.45417171
65.7018495836
116.396407548
128065526.242
47.7155288334
184231620.635
855365.619554
87.5611705014
3045.17161389
7475.77363148
17711720.7292
28.3450813526
10.6712325106
7425538.5132
33.2067491207
905667769.916
30.4782740701
12.370604036
506.296057167
94.1440010587
11.9903478708
151461024.465
44.6880405048
2401599162.22
2075524.64707
1621806.55745
31885148553.3
88.0240575541
285900.669098
2.26554767234e+13
73.7237602515
2855.87037264
135.926801515
382345.299929
123994.397352
93078.321406
1.20405244314e+16
1835.35899257
30828854244.1
248.960856201
450.962620393
87.5675183571
56.5835770581
35944.5253813
1085840120.72
55006.6439673
116.114925105
8.90090741846e+11
59812051.3689
414.388672621
93.3075614533
22.8709080423
803.224660716
22.7987500677
175355254.183
28.9626543812
2717.48940075
26.2744987722
43.2932718345
1101.91439738
913.032645525
890.361666847
540.852940679
49.7898788535
43.1012087439
444789.602403
1.52306792531e+13
147551.665892
2620.90280237
999848.166029
109006142.692
65.3567449181
14226181.5388
5713.79348375
91.3401774019
56.3154723541
4122.33496612
95205.4259138
11321.3489375
4751.48628151
5488.8135452
70.9540037165
19299.9115445
17.7258369515
47695423.1245
32889097.336
34.1776255082
453083907.184
1718.56861923
65963889800.9
11.7292431275
611982.526174
100.725102014
2348.64512064
177966.104275
2676.18672784
134.233638371
127.485873154
7.21681235735e+14
524015129.125
59.0961675439
5820.66271245
352180815.072
12484.3667557
1250866.82247
3.51248516124e+16
1581294.26747
679133.987865
2.38809763614e+19
121.88555453
1.71236750881e+11
21508424.4543
2461063.70008
11529.6837878
41360709.564
5.55586470316e+19
61.043600495
5684649195.75
2611504149.29
19351.6804102
36.2053195437
1685662.49087
354814.586718
96849582.8052
15.2167075469
10838767.0373
2219485519.18
810618.167419
685.068502125
128.555622846
1418336387.12
115921754.431
1104.01210277
3.46415765636e+19
43852.4476375
50741968544.8
98.2658415986
8858787.91989
309684631.527
3587526056.4
102954.421855
13219.4528723
568.745819766
24276668.9011
19.2045393221
118888.534449
31.4629486403
30270874.2333
676.302870708
66861161.4171
1258.48860208
337140231.466
14349960.4417
127.482554711
33002199076.4
51967.7997662
7905579.47636
2.08621418322e+13
78.0163185313
224.645346304
1.40785040233e+11
22.8769303097
198466.935489
75.5181931328
9.2759463917e+13
358368901.449
3.03698468959e+14
2.58305164142e+11
2986451.82809
52.5153930071
59.1964747681
4565.49046011
21.1948035484
120.125665315
549234018.796
1173133754.61
14.9648676983
65.7224063041
25.6063354582
306.468498456
115.737739442
10626.7780818
7920479.01348
791.040320245
69278544138.1
2.86668174208e+14
1247912.8394
4081041.65882
16964.5300278
117.313052038
294607260.186
671116017.404
73.9779715461
950.834737093
3.18022744141e+16
386.418993886
67754230103.2
1.30180043298e+13
124.887420531
57.8328192821
1000283.0539
3736.90307561
111.248570825
1.34890204443e+15
90.7398370523
33.617739353
28074.3263951
188087618.862
2303010.05636
11492.2480526
543508227.338
44884432.8247
95803.2794302
7368796252.23
32659678.9454
3171661850.67
5032.19780889
81848.5475151
11419901277.7
2128.81082911
8915711.51215
39162.825465
1857134736.54
237.423550445
1223082281.82
4662.14863017
1545.3750327
247.353378427
132219172.8
54.2373189844
394.73659039
3952384800.53
92810.7964879
11.2541643817
100.084440866
248025.9539
6.50490519777e+11
29052523.7393
51.0945105736
11792724.8615
337167.45996
302741.176052
1.69012892578e+13
51922.7375326
948.339725304
450.968150268
231.448320587
73931860.6915
43.6468389285
27.5168343821
106.260886716
92280.6221327
1.82217786784e+11
1.42105333705e+11
1709339.56442
54.975178796
58.7269789746
127327861.003
89.2814713984
6066.58893706
475936.616987
12848549110.8
8.48153805284e+15
2165.79177951
530424837.249
11837.340591
57.2494854454
6537832.44232
15940862310.5
5706.69695103
1858017551.03
74804.6606269
40.1426210964
65.8906604439
18274651058.7
12.5536580596
1757779.19965
52.1338220362
47.1537150178
17374310.5415
2909202194.55
12154.0668007
1243.9889888
494958.160938
2.07474127792e+13
6.05898948174e+11
8.04649426862e+13
2520053.01239
17.7034242579
413.576223629
417962.230922
48761.2666738
1.61269984797e+11
3.30620333871e+18
6.73780639119e+16
173588.460045
826951.101927
43.7603426998
107412.445445
6.66747857568e+17
3780133.53079
106.191522791
116.51307814
1.18989052703e+13
7.46455149263e+12
28861.1310381
58827.9275054
702495.730904
7068.73441458
99.4286534259
1.40010749386e+19
61.5916243432
1445824.38028
116.614845931
33.370343598
5629704.80808
4466187729.51
341648.013655
122209.773565
10852892205.2
785.410521156
699.89511429
3.09835680337e+17
1.96957655845e+11
49060775781.6
4708.82069768
4195.06735509
22207.2496466
342.951360794
129.782530923
718236868.141
4661529.2834
4237.87795787
54920113.5244
7.10891987341e+19
1192.7688029
2997.74952849
1361382.31293
2.30026940702e+12
6296.92632327
244216.352265
342.27323166
51088402.5166
1061.32760165
224245.542979
1.54433674581e+13
436170.333529
1035.3696633
6265825.10092
455295.814764
1.33374459925e+16
95251208216.1
86027.1942649
4.80378038933e+14
57.3408912423
54271833.8928
69.3972960386
13733.7700025
167358.628978
403072.979156
3.97633842458e+11
31534325227.5
1.10487122689e+11
1115469.15827
6.23062125612e+11
44186.8171108
7873616386.56
1.52599766896e+11
1.77347051148e+12
54.7178865681
1.74720696692e+19
29.5161192951
85.2600082528
34288349.4212
1399239.9106
42970400171.5
3752450.21469
21710708.4423
15.5048963503
3111.96672275
46852.6202921
80.0393450761
2518283.51702
190.826909063
30253804412.6
168.558222875
1323.79117356
1095.02487396
421.295327296
23.6388720531
1788.33360014
50760659.3088
2207866616.79
20075.7045973
33.3484277902
3946.08379893
1.04822743092e+14
2784378.71137
31.3841072349
27747728.765
79415674.9709
4116.82924704
1.26986347341e+11
63411109.3052
48.4116505671
217.332053556
24201.5114256
63.1769542424
2.52402557356e+13
4817.17276753
40204.2010728
278604244.677
233787766.579
367.276873085
12098044.6877
39207692370.6
258429.607121
8199248926.47
9.00219633667e+16
14970.6626041
1.60645349515e+11
54.0343237949
9.89465344665e+11
4.48581927328e+14
219.333530053
66359487.1468
65096633.3671
2171294.05978
1.81230851057e+20
592670.190723
429.873900138
9630466.21814
8.08098290196e+11
773.872516562
1.7411897731e+14
64.0867371603
2279185.80674
23227189.9012
18793277.6788
193.759293362
3608883920.01
3097317.56607
3.01884460128e+11
34545673.0058
1.66812677904e+15
7606723.04826
1.31612398957e+12
14.1304569305
215797.218306
20051.5517923
11006.5016796
88.405470009
18134.5900565
1.0362373994e+14
7.27580900253e+19
4615221.07293
2623679710.84
2.49792171771e+13
34116085.1298
30308.7429703
142435647.455
20.2307173685
392401890.734
30.9380318628
7264.35088423
1.30721055701e+14
9736.12520343
45.9911720939
9.11255297854e+17
32.1359105018
5.5290196514e+13
96210336.0151
5782360860.84
1.98294566248e+14
58.4111961949
2218.01221292