59.0734285366
6.04454281598e+19
39345166808.3
14548386832.7
9.21342818592e+17
39650209.5396
111974333.856
235.058999516
628795.607903
52979.6297787
13.1304117355
2.37158908378e+14
13169.9992929
614319186.148
6.21071248136e+18
3.09177840352e+13
3.63182924106e+18
7857.46159644
13111911389.1
17.6584529512
2386939.10271
184483060.635
323.339862608
1678906.60289
1388752744.79
1385671.39453
4.0236294024e+15
9403533494.81
101606.027998
17859561.1731
9.0920692582e+12
1.33549572568e+14
6195.73747045
183.788656246
156.425157919
2.48370959894e+14
317.761552136
17126.9024037
70.1095074617
202411.380829
4.03208654234e+13
10607077396.7
136.184853647
76.6412145105
1.10829966183e+14
606091448.503
134.10940774
118.630781745
5.28184952859e+14
1142.30350853
35.4318681764
149765.773701
15227846.8942
106.055957448
50078963.1573
5.61369603717e+42
4.54963983941e+22
1032454129.07
5527688.79667
4.1810755043e+15
3000.60371783
6.17946695914e+13
37.7310985942
1203566038.18
1395229846.69
114.795327865
3582580385.97
4.08372682098e+22
60.9299756373
8765.41990065
431.196573315
122570.942888
2.68372340573e+12
2006.13220418
129.597659625
43549.7911632
31.4024308149
12366327.0171
1482459.09877
188.397891621
6.08356801354e+14
296476.8414
3.58920445792e+29
6557.81298389
17011.3796228
65384.1282708
2.84709178485e+14
185513.258695
461.067987141
5.07638651111e+20
318.647161453
19934608.9484
220.540488017
45976574166.0
337.794481644
6004715542.06
14144128.5478
4.47518801681e+15
472933955.031
1609.04073455
1.11562720534e+27
1.83192804559e+17
1.02575456107e+12
35.8017036826
796681719.377
3.89942449198e+26
435.668916806
5435.3961375
4559597.10247
1203.33967523
1.45825008706e+23
2.27328947548e+19
5705711.16783
4.4295227534e+17
91624.5446713
3.42902546893e+17
99.4600230641
842399968.164
4397.49081719
359.827064336
482.183413301
40.9087637622
535369582.765
29593.3140482
47269434.902
121.639654424
16939.2484506
1.33191106871e+20
2049261.90411
36581.4392326
3.30879775542e+16
2.07603241376e+11
381.522195252
5243223.77318
215.690972553
1970265.81369
44683547.3269
509438895.098
884.079986452
231043.13615
16175631907.7
7.05225084191e+13
31205178361.0
1.94417837878e+13
1.11450972227e+13
23515.2894243
54796.5724473
6.77134920337e+11
2.63475437035e+12
37053801.955
4.92024163714e+12
42.76694908
1.4796838294e+15
24746772960.9
60135495.6006
93.1303300353
582143195.525
243.297300665
3330.73859631
2266194.68334
2.61086409794e+13
241.688777066
15264545254.9
3.53254746461e+18
15.8360831818
14.2053844198
2199.39888542
1225542922.07
5.71122751143e+34
40.2336009054
3771923.2254
225.205175091
5.07687429766e+21
4.94702317811e+11
1951.25740861
1.12288842348e+13
308.149987971
47.4879300906
72492.1659271
196.029397938
2368138905.15
4532128.6574
2.59799368231e+11
1.25794188101e+15
4731234696.14
28881253135.3
6.72059710401e+18
576481350.385
45215856.3477
74193963.6518
729.815781864
213.37254818
4.10236039226e+11
1.37458758518e+11
8403045840.8
1221221.65859
458.193693337
1888598255.34
507.110030709
21.1559972468
62025296937.0
1.29764657409e+12
14236.5360003
30.9072867089
6.18573223649e+11
1.35645672219e+24
3.81743653588e+32
75.8493451342
6.86861637851e+29
76.435073513
797496.035212
2.76679418014e+15
69.0032068447
101.214108865
20621.706744
5.46180165103e+25
43.3082447883
8305695511.46
1.46889247323e+26
11.6568609914
1.17101293114e+22
36.5135540744
310666849.35
1.69264506765e+18
15.6254929865
1.39036831037e+17
220013.546377
2156819.90299
15995.1356283
2.27401987377e+13
42864342464.9
14029078685.6
7.65959497833e+12
95967726633.7
22392147901.5
6.17227717214e+12
40.7605576015
7397772.11729
2.52590423717e+13
16.1308568478
18756621.0163
40.9100541217
1.43104013516e+16
2399962556.3
1.88012042772e+13
2.25253158585e+11
585405399.355
4.95319104608e+11
77062901720.4
325195173.211
8.22644621009e+17
17666747.1463
13697577.9203
14.9175312967
24.3753354442
4.06037950949e+23
157835.030447
356.079838972
71.0565591518
2.66426320802e+11
4.40200156092e+19
3.57884712282e+13
857460.132395
487416827.694
7.82818169736e+26
11691.2829857
16.1604789128
472754125.08
2.02204780983e+11
88633811652.0
28525914086.1
46980.6945686
54.2645966685
18.7220123399
152.683449328
8592167266.43
202.856385852
2.81013880089e+16
3.27113051382e+41
2.44862778611e+12
6.82453054767e+18
2803.3361196
379469.420225
10.6087780624
3.58112772931e+13
314889902.355
11198.2355645
4.621680306e+22
30.5755341246
381.8261702
8639152696.6
432.552756859
1166.23550839
344.166016166
7419.06917219
156.539367319
2.34183783835e+23
3356.53313868
90954342.7636
88207442314.2
27.1850248926
1.02363307231e+12
2096594.36609
318.785589812
1361.89155253
295959382.363
18.7553991194
75723.0402695
1099.42812853
24490631342.3
80.8469692946
388.746263037
4.35206199563e+23
9990.37365899
1.23779863639e+33
71082.2342722
38.792335905
3.50268963775e+15
7.40553107109e+30
392.779610712
5.49779781004e+18
273.301120612
120.464494155
378.526882192
6231599.36599
160.509422538
6.61002118244e+23
12648072.8362
5.80657081139e+27
1.92934515407e+44
21447547.0807
15146.5420855
9.32120423535e+17
312.891888645
106018.436538
1.37457608011e+14
17008.7167593
1.77897103438e+25
9.56097345667e+19
113.027854444
46712682.616
27793.3322669
7.71737767208e+22
8.94520090585e+22
3.38506775925e+20
15350210.798
13353923.9042
2.75030584671e+12
1.52452722307e+12
1.58484626855e+13
429.709574454
2036261.12762
63612212.0442
19476.5902257
19275.9767481
7462276.41588
55157804431.4
5.47025823106e+23
29.9706087411
44396.5597209
400200.394972
4327395882.15
7985344.28798
360.927705949
4030.34342639
2.6774636043e+19
3.44380038423e+18
573.405891421
59197444345.7
60969285924.0
15.0598165868
128488.803656
1.42380152367e+24
2.62561177728e+28
9.28887415164e+19
8040106.22564
45087308100.6
246.646936879
5777441.53261
80627.2797992
3.22398902712e+22
108.141131721
6.92313098478e+22
6492.23247184
13762567259.1
110.963620669
2.21410961509e+57
8773694.78729
9.11309603891e+22
5.5936932711e+26
3734519848.55
658806.803813
7425775.29956
1.4896199568e+21
485240.41869
55.6516720515
206.03114761
99.6959135206
8.30599971833e+32
36963003.322
23432316976.6
1034.9320594
19745034784.3
24.0642709478
72.0624149246
30215177.177
4.246134021e+35
20918365409.5
6.57705131594e+50
1.48440639196e+19
43.0481232958
11.4107992784
33644139610.0
3.48412188761e+11
8.81368043385e+11
1.55346356387e+12
124.632952255
98047657.9919
11.40873575
1.14180279197e+23
2.43693656098e+12
4.41832151014e+11
2815.03297083
6336.87937118
124.583992165
2.99368990902e+14
281651.88934
99201722.1254
1.36375000635e+16
148.036322514
66891.536982
1397956804.46
2.88849280037e+16
2221923840.12
1.96412167035e+14
3847503045.66
3090121436.44
47351.0251458
301500850.49
53626644208.3
143580.946173
1.03968709441e+37
8.35913954746e+13
2065054.42254
789390680.928
497.250592934
3.87597911585e+11
81.2897982402
1470908365.27
7216.78686423
5.02142146797e+43
52211872359.8
184.995243561
1.70619434004e+27
174.378821389
159.199320829
67.7865586203
10169436.301
107.302534144
2864175548.89
1.17925788924e+14
394.932588877
344104.559371
3.48745184367e+17
11524443.4094
1.46464865914e+22
1663.61753755
500662.626096
19120816446.9
336.204168972
2.72768993035e+12
2.96623733278e+20
477.890785653
9.54356891375e+22
31.8772894625
14.4038028592
1.01062566527e+12
2.08405723443e+15
9.34508365967e+16
9.31260230024e+15
7308517693.5
1.02614479803e+38
18882764.8469
257351966.742
5056.49435968
53.1521923282
18121.3799249
7.13333312093e+20
1.53280394229e+12
5.29392376646e+30
3.61755141594e+12
483192695.661
8.5217843935e+25
6.48303547459e+12
1829741.10371
1768.01715785
1.45704334431e+14
330.831419551
1.58087360336e+27
273.24020928
1.85927998573e+21
132.076332506
516.238925814
2013.48340362
3.65423220521e+29
2.99875691129e+38
757.817087096
6.74743027464e+25
1966904.59296
6.36631369071e+14
31204887.5333
1.19258327943e+34
39.4493350842
1934.54310627
20581.6306571
103594100.977
2.28148879134e+31
79.3899042161
64462.3328677
3.01548670148e+16
4.86192549908e+22
1.32256328411e+17
2.07346922973e+26
5.01121338093e+15
7150352.83334
184.101055611
654.247059827
2.29455547459e+18
111.300915538
2.53085306333e+17
2.99746391163e+12
289.671283533
114043507.437
238660464.887
2.66760653733e+17
49.3033999945
11.0252814616
1.32108657082e+12
63.0962504319
2.20500098626e+21
55.1997343033
13.7813334392
5218.4659677
324.831397881
13.1451103544
4.46851420305e+16
100.419929016
1.88045591144e+22
2.22140765726e+18
5.07069516427e+13
1.4995346983e+26
292.094525123
1.07127348753e+13
1.86773033216e+38
220.776237213
10234518597.1
500341.497671
1.05394543524e+16
1.14574153923e+11
6258131995.12
3.31790214264e+46
1187223033.6
1.74810616966e+29
14609.9269395
13716.6345833
289.70446418
145.501538836
1597909526.35
2.11360183018e+21
2067273511.29
452.639850748
1.06220684237e+39
1.57344315395e+18
52476.3086482
658.882296421
35.3405877661
1601110.28391
35.168206871
1.09592148802e+21
82.1019214195
4909844.24088
43.8202418857
95.5483026443
22262.3816346
17252.8823923
55068.3107275
3578433.45376
118.994131087
94.8845444782
9.03648108826e+12
9.80663936487e+31
6.94984380366e+11
480015017.647
3.99745422418e+12
1.18698880865e+18
182.579296877
4.45292982207e+19
67231500.5646
309.672837191
144.418205317
304819.159821
1.015697359e+12
758722406.092
398245.247091
432797080.99
207.834128426
3281912.66733
23.8581987149
4.88104034332e+14
3.98779115637e+19
115.282522103
1.10549850274e+22
46541.6181875
1.44049024553e+25
12.7146874123
3.02394716033e+14
361.456837098
15546600.9487
1.02043029303e+19
1353148.32376
569.452066967
524.789582418
2.20129139275e+40
1.4572751177e+23
155.799622952
501097654.972
7.61886245746e+18
121414791.692
2.7015812112e+11
1.75059729985e+44
1.26267317298e+13
3.62267248085e+11
2.21005563178e+51
488.760112835
1.4331553957e+29
1.52116444935e+21
9.02946039057e+13
2900264197.28
4.47584539308e+18
4.14358704496e+56
163.960188175
2.00271331023e+26
2.95025029738e+20
162751293.345
72.219058736
7.58207611035e+13
1.0379493177e+12
2.16234394124e+19
18.8846059009
2.25818172936e+17
1.88350986947e+27
4.10844881323e+11
13830.0783437
531.77955839
7.92218655532e+21
2.2516302326e+19
122745.823711
1.51923810234e+45
4812301383.28
7.81289735281e+24
347.60054812
6.28948635704e+14
1.7910159294e+18
2.23962373775e+20
58750764662.0
16118755.3233
17514.8386197
1.03890211693e+21
26.9863937082
2.05001624114e+12
58.0041832026
1.31256289013e+17
11013.3353717
1.96182296614e+18
3486198.94702
8.63954335776e+19
2.16244543667e+17
524.767952451
9.26694033524e+25
159951242.812
2.32203962261e+13
3.00668546684e+32
241.402234973
36512407.4856
9.13434463874e+25
195.940884028
328587338.164
401.504660692
6.04069891612e+37
5.66920650557e+19
1.74268152982e+38
9.79632905512e+34
2.48289742001e+15
399.578460116
156.21616047
1759186.10202
31.4180092882
4688.03930716
4.80733158674e+22
7.00215317586e+22
18.4094212063
184.191849812
42.1025264642
2341.29281767
450.314910887
112578689.295
2.82798477737e+14
10540.6185868
1.38942080545e+27
1.84736069522e+36
4.78041156291e+11
5.59638518071e+14
198446154.075
460.054450127
6.9595245785e+19
7.06895031342e+17
221.978596938
15731.0363996
9.66233700575e+39
3293.64794199
2.6459195004e+27
2.32868165601e+35
507.954231458
150.588938458
2.68237175131e+11
302233.224498
24748.4095034
3.97408578227e+34
306.462257965
64.3194514182
7393143457.86
2.16434162567e+20
48487084003.9
29497490.7059
3.56089955643e+19
1.97786268184e+15
2291388565.5
6.80945848135e+29
4.37527693733e+17
1.16245222699e+26
1.00556047509e+11
1494318765.64
8.63440569192e+27
89817.7063845
6.44558669342e+13
20166087.729
1.42695252828e+26
21290.1696662
1.0991155131e+27
2764917629.14
74818.8274101
26186.6871948
3.11481612951e+19
136.123663579
44390.0011981
1.44140330413e+24
1321738606.22
11.9451521495
357.827771546
1.58824358078e+12
9.43932271104e+25
9.84710636913e+17
123.930000545
9.73565933061e+16
5862172594.97
1.50886855252e+14
2.95831352532e+27
156994796.329
21885.6514073
15449.7692947
1394.71441127
2.30696532918e+16
96.7747024743
54.4599333093
549.477538424
26055639264.9
4.45501048863e+32
9.31077893067e+27
3.2029522925e+12
139.047780165
154.270090264
6.99528394745e+16
298.714949249
799061776.085
2.55342648383e+12
1.09414062803e+24
2.81595350162e+41
445391.123053
1.1036657708e+21
13440766886.5
148.20528469
5.75866019642e+14
5.89698765687e+28
455473283.158
2.71671271033e+23
2.69164148387e+11
84.8793905898
184.935614295
1.96650691513e+23
14.0915423155
7.29177938528e+12
534.145814478
2855.98639987
6.49671008899e+14
3.72402189256e+23
38891865.1753
38664.3040791
50121583413.7
5.2606315823e+34
5.33312834622e+25
4.39843071853e+41
4.679584921e+15
23.8118886108
10410.6837762
5776503190.9
3771175148.85
3.45888009155e+30
1.15936063236e+52
9.15525224787e+40
1.24782965156e+16
14816483951.7
97.169639531
8351016079.86
7.71157462601e+45
5.22839629761e+14
392.970799998
455.098852726
2.87498636497e+35
5.69703751926e+35
9001160.91135
4515863364.89
6.99732911843e+11
106233178.229
354.127132876
5.74869298952e+52
166.284479053
7.16188908819e+12
455.728166573
63.5820988205
5.04229825507e+16
9.15775650853e+28
1.08407439113e+14
9.66357722657e+12
3.50293640215e+23
83123.0279521
13642.710826
1.07536367587e+46
1.02304073433e+30
4.46169202173e+28
1434448.96923
516243069.391
11412206098.6
822548.938608
539.838641515
3.22932479573e+18
2.16333211919e+15
347324.617024
1.32260639449e+18
1.30588657003e+49
74911.2357785
2666716.84098
7.57505187625e+13
1.78731785998e+33
9614665622.22
58263920059.7
27593.2238967
1.37342336222e+15
39546.993494
1521533306.82
6.75545876247e+33
1.81336969437e+11
32244.1974867
6.01089585332e+12
2.73990806599e+14
2.54070210282e+45
1.50636537466e+26
2.17916402856e+15
7.22866241048e+37
148.577857544
8.88402933558e+15
200.688479035
1319040255.52
2.45150073813e+12
7.09854602394e+12
2.08732986117e+25
2.26865579157e+30
1.34090446365e+28
3.77927280929e+13
3.51886187321e+26
22988048383.0
5.85234000611e+24
6.14720894487e+24
4.49677390401e+36
138.025514615
1.40964892366e+53
52.5096332916
277.736366641
1.30655863144e+18
2.94148545212e+15
1.26062667575e+28
2.85249157635e+18
6.47233788192e+16
19.4338472818
236701.359933
4.49216069358e+13
251.35867057
2.91212664245e+14
9833.99775753
4.54957186308e+25
900.828373584
56327.0583009
20975.5948755
920497.062876
37.1944977155
87842.546612
8.78787576836e+20
1.44079557207e+23
117156990.119
63.5169321663
34941819.949
1.21211968207e+31
4.5371414549e+14
57.7777362447
1.20685061767e+17
1.09608921363e+14
68150090.1341
3.04845633628e+38
4.36673212502e+18
113.861307996
2092.15195644
31812148.895
173.076448473
1.72414121367e+34
1226670523.34
2.19378151132e+12
6.96310588577e+16
1.24824597708e+22
2963.08320432
4.99057169936e+16
1.23582429343e+25
6.70276061e+12
1.23873043712e+25
5.91457467106e+43
251884513.27
1.34573429807e+37
135.323259741
9.2039905494e+28
3.19459918217e+37
2111.01170838
1.54528676977e+19
8.51341642612e+18
1.74248418895e+14
5.9433481407e+54
9.34453619151e+11
66649.3288073
5.71830142246e+18
1.75115305227e+30
403911.116703
1.03136059435e+37
177.019694749
4.48914326322e+13
1.94501883996e+15
3.35497367733e+14
1817.26903281
8.57649525194e+22
6.42676539209e+14
6.67341340433e+29
4.8112434597e+16
2.31824492217e+44
1.40402267366e+16
3.64767064507e+30
16.8672548936
9.41163330953e+11
44819944.3765
16632305666.1
294.096875236
45715122.2329
1.95229903287e+36
1.60213319837e+52
2.61008661331e+14
6.20326889858e+25
6.29700503192e+34
2.39048072148e+18
763033343.419
2.0069322088e+15
29.2401559813
3.28188984163e+19
56.5027399532
7021724.74453
1.27377428133e+39
2161500722.49
105.052412966
1.58698232651e+51
59.9504119315
2.16461803446e+34
1.60748274668e+19
6.76776632553e+19
1.00908259292e+31
712.06398817
1095474.50202