112.845730848
2.47861593582e+48
4.42845780261e+21
4.28754199382e+16
8.60146755693e+51
1.88357310735e+12
5.55271960979e+15
777.761017888
33350309736.7
3453571356.07
15.899410894
2.72181077395e+32
641044.285292
3.03013700798e+22
1.11545476732e+49
1.06605859187e+33
1.76698564987e+38
3789214.92234
4.01903888096e+16
21.4865649213
1.29158594694e+15
5.77352634805e+15
1531.40281333
9938988939.57
4.84610308107e+23
66136324504.2
6.65628564177e+33
1.54040616395e+23
8359273545.69
2.38377900235e+15
1.43624793261e+28
5.11870381127e+34
1099699.82351
8048.80717754
439.157734894
2.79967685356e+31
1188.35652848
650738.213677
188.563175379
1.05891148258e+12
3.73797536012e+32
7.95930748067e+17
361.676720659
162.057525725
2.93962837996e+30
1.05073531507e+19
353.983518132
298.165676858
3.94001891835e+28
1209265.91324
81.5023824792
180344467.896
3.18083171787e+13
254.939663517
2.84756946421e+18
1.60624347695e+102
1.85195662192e+55
5.19158894266e+18
1.10997592635e+13
1.09461324464e+43
81224.6754538
5.2055526567e+31
60.6989635434
1.82201634612e+17
1.16505936958e+18
284.773440223
7.99175589842e+21
4.23669823434e+53
117.798480892
464485.914457
1826.42727134
1275346379.53
8.80434906342e+32
566091.341361
337.427121939
256512988.102
47.1486029988
4.84249001779e+13
2.01242712321e+12
570.02895325
1.68491221513e+37
1.29997511657e+12
3.95569870555e+75
198781.952062
987442.539434
40982193.638
1.35229731509e+35
144993927.232
326221.364714
7.14936608068e+50
1193.01954069
1.51690350356e+16
711.126947296
1.28917684497e+25
1295.12614995
9.33882586779e+17
1.79256908671e+14
3.71289007978e+31
2.37161458437e+27
14138.7608911
1.30988475891e+71
1.88320984486e+42
7.31178270091e+30
56.4648289994
1.70912364545e+28
2.20112700009e+73
1853.16968921
79771.7502289
2.19052826844e+13
21407.1348574
1.91304528612e+52
5.69019971889e+44
6.63871793572e+20
1.4933712632e+44
4.31342977623e+11
5.10101455837e+41
233.071673614
2.23628652587e+18
548700.349225
1415.59637247
2137.89978055
67.8600643519
4.58271501448e+17
1.84018694711e+11
1.43485718656e+22
308.796152939
765972.211239
3.01135283417e+45
8.99879939365e+13
3722145.51793
2.67589802069e+37
9.53693586173e+27
1537.22751727
6.63181481494e+17
689.262008373
6.03887840802e+11
4.78251797038e+16
1.87801051668e+19
1273311.57778
2.91527595491e+11
8.38250185197e+28
1.06059209007e+24
5.88430189509e+20
6.77679559535e+23
4.66657079804e+26
19043722175.0
864873289.89
1.77893402087e+31
2.21624838913e+31
3.01502376014e+18
1.27659768198e+33
72.1522112172
1.21776517931e+31
2.01529206769e+20
6.36348653934e+27
212.632637596
6.49835938397e+15
816.336537843
100655.564754
54530286188.5
7.17839459826e+40
808.761925839
7.31386533242e+23
1.03011280505e+53
18.5403517235
16.0105757423
28034.3217248
4.43906559396e+17
2.51280498598e+91
66.319426074
3.30543364723e+15
732.345528912
6.74395640919e+50
2.70078466139e+23
1344409777.66
2.52529817629e+36
1138.09405754
83.3892931052
1726902906.53
602.698964639
5.23181814959e+20
3.90652111082e+15
1.23119907314e+29
1.10839961825e+31
1.79482391223e+23
3.92375772509e+20
4.05453237346e+50
6.74288857648e+22
8.90779744868e+15
1.02437009275e+15
8113.73467199
678.879712692
8.72338602593e+30
1.70094078907e+21
7.4826313976e+27
1.52530847199e+12
1989.56558424
1.34994203602e+14
2295.28117421
27.4676389443
6.45554161214e+18
8.44646838434e+28
1056351.20639
46.1306218363
2.17251671675e+23
2.0996491898e+65
6.3176322688e+78
159.731035644
6.87967161851e+71
237.824783987
41848681874.4
4.99985075421e+34
140.031835366
1153.28817552
1625083.84655
7.13941437953e+61
73.4166761178
1.49802011417e+23
7.54430586576e+68
12.2743328066
2.10946111197e+52
58.0167725785
4.47793922411e+18
1.0047872501e+37
18.2078585634
1.73443922584e+38
10425615204.9
1.5593849032e+15
63982846.1975
1.80027747314e+32
3.30442802644e+25
3.80549486596e+26
2.60633372123e+36
7.68582585166e+28
6.59337261267e+26
9.17629425042e+32
67.5210055497
2.43885941166e+14
4.32377777094e+37
19.0085795036
7.34370917278e+22
71.1300647957
3.16588473058e+38
3.9717758418e+16
9.01964062915e+31
8.02949631082e+29
7.30444119069e+12
8.21543002532e+21
4.80034139595e+29
1.12496409758e+23
1.53176959485e+47
2.908699908e+14
1.30777157879e+13
17.1025748895
33.3229991976
1.52476785343e+55
1970003735.37
677889.217082
145.861019995
3.01673666912e+28
1.66283701382e+47
5.37643224338e+33
5.92050798635e+12
2.0265226521e+19
3.93199048422e+62
429327.899123
19.0558129263
1.77703981822e+23
5.98449463269e+23
3.593662742e+24
1.77376174797e+22
5.21819067474e+11
100.308642385
23.2612242317
424.506972552
5.56591367559e+22
632.370503369
4.97162445926e+43
1.25194562081e+106
2.02546979467e+29
1.01524048387e+52
16243218.2323
7.9577749866e+13
10.8206646146
5.02530874753e+27
8.90816573039e+20
291825.966345
5.06626043346e+54
45.4521299441
1538.95241276
9.02386628329e+18
296487.417241
577372.83307
1329.64187352
3298822050.6
493.946954004
4.59754349956e+60
2282621.78067
4.91238262104e+11
4.26579037741e+21
38.6865154673
2.95806614379e+30
4.37734839667e+15
1193.74889181
16188089.7611
2.03130836106e+15
28.7253142023
8146200855.35
40108320.5106
2.46089573182e+20
174.575618845
1578.37267215
1.5053096804e+59
2502167342.15
2.53392726431e+79
552295291.257
63.0649602328
1.81028663872e+39
2.48402104612e+71
1601.48255304
7.26052637063e+40
961.317894444
304.631362478
1520.26100486
2.99893721634e+12
455.314049317
2.1173119676e+57
68819287882.4
1.74818328303e+57
5.2325588275e+109
7.57109954299e+14
316547.844931
1.59150537009e+41
1162.81189055
125580170.82
3.53464997162e+28
590308.350952
2.08265010619e+57
6.68816146609e+54
278.66263975
3.65326329165e+17
1110480204.38
4.52542957289e+61
2.31791586344e+45
1.36911599476e+52
1.05037478056e+15
4.70078766279e+13
3.67037741459e+25
1.09646830808e+24
2.8886219619e+29
1817.56096592
1.6150983475e+12
3.07934787685e+17
1798297.49976
687811.229763
4.54505636297e+15
9.71759812183e+26
7.84458251462e+50
44.2223865935
3744440.01378
3.62960239972e+12
2.01359436306e+19
5.48808189844e+11
1421.69606058
45078923.6629
9.04146655295e+53
3.95585117978e+51
2729.29861741
9.97078587554e+23
1.61181703288e+27
17.3231528932
33062888188.4
9.02121465067e+54
4.27838394845e+80
6.51253462511e+43
5.47318187802e+20
6.12698804134e+20
832.176111908
7.31190216741e+14
5143435647.62
7.72352118443e+59
261.970268953
1.1681018455e+66
20596194.5356
1.36671835236e+16
271.574922922
2.91734800826e+137
8.49838752371e+12
1.51854120473e+64
2.71289407455e+68
5.48091694012e+23
2.35394336655e+13
6.82927519775e+14
5.71219413032e+40
5.62282881762e+12
103.880952044
646.309594216
233.843848549
2.90297561805e+76
7.01517335613e+17
5.50928695141e+24
45047.2136302
1.29630641393e+20
32.7433806359
148.741508915
7.52314970168e+16
2.61310129547e+93
2.30216676011e+21
1.82110743671e+133
6.42086610536e+42
72.8082441026
11.9285234506
1.19231806245e+17
2.7565082424e+31
1.08744153483e+26
1.05314999892e+27
319.478437868
2.00002839607e+16
11.9256350087
1.55167116744e+57
5.05054013291e+29
5.80531950545e+21
1959007.87029
238420.957175
319.302863102
2.40589384679e+30
2456814460.48
7.97704148232e+15
4.87144329139e+37
406.514514596
1019758390.51
5.11006638214e+24
6.27650363167e+37
2.82561675981e+22
7.03931457989e+28
1.71590584512e+17
5.95418112817e+29
4594783.31767
9.23237186595e+16
4.22592297042e+20
473311604.212
8.12561719268e+93
8.40770378012e+34
2.8905753184e+18
4.36246694885e+17
2232.64049059
1.90421511551e+22
291.345402787
3.0204439773e+13
507643662.422
7.06368891099e+101
3.34633068552e+25
555.634984709
4.18076587106e+67
511.424760348
450.113090582
136.610644677
8.42442161366e+17
259.136072829
3.44090982993e+18
5.26850713271e+30
1613.85859434
81064269.6022
1.57257501999e+36
2.99673366339e+15
2.87240296696e+55
21190.4385111
13834010351.4
1.04167687906e+22
1286.55264137
1.10375989719e+25
9.01315194755e+50
2111.12910367
1.08660249342e+55
48.1308225276
16.3128003697
1.41230283866e+29
5.57145427486e+34
9.58529337159e+48
4.95564712529e+35
2.69474424333e+25
4.88305155676e+94
1.24248795062e+14
1.02528080564e+21
72072.215946
56890.2801768
1005012.03619
2.35318986166e+43
9.12197285314e+22
1.10122638917e+75
1.04830479954e+30
5.46004071558e+16
6.41841588429e+56
2.08053691281e+24
2.09986672929e+12
30172.1493438
7.43051246446e+26
1257.7112478
2.31200422943e+68
961.016632388
4.78517981377e+56
346.494315381
2353.72984347
32548.3882749
4.71816284512e+65
2.23962313509e+92
6154.5213001
2.99651943105e+60
4.23710636959e+12
2.1238772243e+31
1.70054689866e+22
3.2671101408e+79
64.5426670364
21499.9586097
7496684262.23
3.86322229277e+19
3.47679528754e+80
313.576599069
10157952.1025
8.09362762367e+44
1.85525071142e+59
1.13290022581e+40
9.75985566139e+61
2.83649894868e+35
1.10362105198e+12
551.870244085
5649.97139361
1.05713480518e+39
272.729415671
1.61936744515e+35
6.10504458621e+24
1043.27202774
3.54046328794e+18
7.77277911861e+18
2.75289274278e+40
87.8330901748
11.3922728934
2.77680544199e+19
123.654536991
1.49708491809e+46
102.713056596
15.3700048724
71816.2394502
1225.72966742
14.422779374
2.14566977193e+32
236.218505519
7.91851624482e+50
1.68098247252e+50
4.30801973615e+30
4.99376220133e+63
1055.56877821
7.28135092458e+31
1.3466289762e+104
712.194936597
3.71726856502e+28
8.11403748077e+16
2.12927048027e+40
8.70502301253e+23
1.23312079718e+19
1.16144358609e+120
1.4472816076e+26
3.57058599842e+77
12788365.7238
3126185.90592
1043.44011853
396.796861607
5.38961477821e+17
1.96356906181e+47
9.81803662062e+18
1955.67262803
3.62076312741e+110
3.16507776149e+40
542079779.711
11701.152087
55.4659958595
4.13062190314e+13
55.0939136395
7.3793340048e+51
405.401187746
1.21013106236e+13
74.6184982863
220.375992468
1712139.21586
600027.016428
20480921.5768
2.37400020528e+17
299.443638184
218.242355111
1.38762947316e+28
1.08180316933e+72
3.31943246698e+28
1.147990047e+22
8.37726368877e+24
5.03482402559e+41
545.480492966
6.23256601319e+48
1.66624182667e+19
1146.01519735
392.664636827
64430284.7414
2.01712584614e+27
7.55477065873e+20
99769285.4456
1.52009981251e+20
654.26513044
1624836967.47
32.3609946941
4.57844127507e+26
3.45968737699e+49
738.333753977
3.1078832943e+55
2239418.00181
7.84005192534e+54
13.7915774121
6.61080480173e+34
1424.63120012
7.13824253615e+16
7.02165458745e+58
7.68056207784e+11
2702.80480522
2408.8641031
8.74983996878e+101
7.9916200169e+56
436.698359694
4.76478915136e+19
3.60087142076e+39
2.3191881795e+15
6.74044456289e+20
1.6250818827e+108
1.43312344096e+28
6.15642393568e+21
1.60413379893e+124
2179.10555327
3.80770180377e+72
5.91582248463e+57
2.23988690652e+29
2.86244516478e+22
2.72300604573e+44
2.02981352736e+149
469.09620417
5.83478613177e+64
5.57961586241e+41
9.91980469581e+16
149.191559734
1.55189582612e+31
1.82401940722e+26
7.81611466909e+46
23.5360011742
1.3215411203e+43
1.68980006449e+73
2.78411204604e+22
726108.526118
2454.21127324
8.65430094052e+47
1.80224329674e+45
140834864.979
6.70012881774e+98
3.2362845401e+20
2.56541793967e+56
1348.35699618
1.03484089445e+31
3.40751021415e+38
2.26862916955e+40
1.75944311683e+24
1.00946519219e+13
2298597.4593
1.9792923006e+56
38.2999242638
2.0042208727e+29
110.021387115
1.56169060822e+39
311717.672085
7.68847982648e+40
4.20230816966e+13
3.46491535556e+43
2.74159468577e+39
2408.72416389
7.26505218387e+59
3.55032378928e+14
1.10629452993e+25
8.81661290559e+73
807.414752261
9.65242907112e+26
6.52280111049e+56
927398.282801
3.91744733972e+12
3949.69422372
1.12056499073e+95
5.12558973674e+43
4.10309090234e+95
2.37403978052e+92
2.44224609196e+37
158823.223805
438.335585178
12371377159.0
47.180734187
7613071.08018
9.23456790258e+54
1.11288562356e+54
22.7355247866
552.252168061
70.6088018315
23021.2632879
1941.53508519
3.48074998686e+16
1.07304855914e+28
192231.288973
4.75773617694e+64
1.83300982033e+83
5.19589102698e+21
5.35386066839e+32
8.55987856725e+15
2000.9590676
2.55497483695e+44
2.24858021679e+34
717.649130579
394256.087319
1.17836505215e+89
35887.582922
3.36337469855e+64
2.35803978117e+85
2300.66819705
416.369459408
6.7118273801e+19
79033177.3537
39487708272.5
4.88702098908e+71
1129.33407402
126.997259887
9.41504715052e+25
3.77413982062e+46
2.14558105049e+16
3.82146115675e+13
1.94848135708e+40
3.7953272828e+30
4.71634079063e+17
5.30111344758e+84
3.52970298318e+42
2.02855223484e+64
2.79066909105e+34
3.43777540198e+17
4.41536758011e+71
8972462.59048
1.17801527705e+27
56263386630.9
2.08935693486e+69
167437763.604
6.44118731967e+71
2.08481389912e+24
11240219.0202
1435718381.62
8.93566810791e+44
361.449214453
703632721.818
3.76896922007e+56
2.59420938123e+16
12.6829487232
1404.53605362
3.36305219365e+27
1.48083391195e+53
1.88661053144e+42
316.960295844
1.6924178472e+38
4.77860448906e+16
2.59724284578e+34
5.01119043905e+53
1.69956601271e+15
1021207.53554
2146663.69614
10003.0975285
8.14783538251e+33
224.334054824
125.983731291
4221.97170226
2.56846749013e+21
8.7032320078e+83
1.56299873664e+64
2.59553262471e+23
372.367601892
430.701800139
1.89914122189e+34
1089.37771085
4.39097963622e+20
1.83650853845e+25
6.69687917376e+53
1.51548309067e+101
3409982337.12
8.29343591089e+45
2.07303619678e+24
407.164700698
5.57511290245e+33
2.75790114776e+75
3.9242235306e+22
3.8134296617e+58
2.02087822539e+28
186.827880943
555.383699169
6.78542248004e+50
15.8378899826
6.23366456183e+26
203312.822625
21126504.6064
1.3364202514e+29
3.27984067672e+54
6.4832047272e+13
2786605.49987
3.66044249776e+18
2.98256705091e+85
1.68287168059e+52
1.09940519197e+115
1.01286977893e+36
32.2752379089
1088322.49836
4.05372050815e+15
1.62222431599e+20
1.00216270999e+78
3.61980449818e+134
9.35873269828e+90
5.64303732956e+48
4.59980962212e+16
225.613019419
8.5444710674e+17
4.13785726302e+110
1.35422401761e+34
1602.58044587
1970.65796052
2.8377893919e+89
6.77295313835e+91
14197561838.2
2.50973681871e+19
7.68772371704e+22
5.96542110316e+16
1384.1307795
6.42456661e+132
478.446529042
1.93259341255e+27
1974.49841418
124.979156186
2.34762089045e+37
1.85588250256e+79
6.88346473892e+35
1.0623828397e+30
5.09788305638e+53
121217749.554
533403.74771
7.62681158339e+114
4.09037265265e+78
7.15867547933e+72
5747854322.0
3.15378748931e+22
4.16302803391e+25
3.30912092995e+15
2506.79982615
4.62143219468e+35
5.55644887493e+34
87898197.0115
7.56063842824e+39
4.20338833709e+110
29617680.9139
1.06881025746e+13
3.00539467471e+34
4.62099043545e+87
2.98731833758e+30
6.09523243606e+19
320686809.589
3.01002917614e+29
4330403.55151
3.34249683935e+14
1.54573146517e+81
1.68397202215e+23
2543177.51756
1.37206665525e+23
3.6434277086e+35
9.70461056317e+116
9.21791878681e+60
1.19461780547e+45
2.1823993602e+89
408.599474289
1.01642878857e+31
622.903269832
1.15389180775e+20
3.01181380332e+30
1.72857994272e+30
6.45421645697e+49
1.36480002626e+79
5.40272613988e+67
1.43767646556e+31
3.67127061137e+56
1.83039493427e+23
1.35940474605e+61
4.73585228753e+51
1.81585428055e+104
368.539795241
9.81311625459e+129
95.8410660088
983.328143293
7.50639547109e+43
6.45285050103e+37
5.04523520225e+70
9.21915138291e+48
3.04904485687e+35
24.4708886195
60013129.4499
8.73245469668e+36
854.606453795
1.93268589033e+31
195500913.111
6.30966047395e+58
5925.86559077
7134929.48376
647879.456533
1.01247878026e+17
59.512571569
12660463.4194
6.39002190646e+55
9.29612873178e+55
1.89570029474e+15
124.801248417
2.85257962762e+15
1.63148104124e+63
5.19060957866e+31
109.425904699
2.11887416783e+39
4.51095425233e+22
3.16790316984e+16
7.29632542144e+116
1.19034023976e+40
281.539384818
37502.5218674
2.14514140965e+12
506.075435893
2.76570816539e+82
5.62791212161e+24
1.05737523701e+32
8.31335960067e+32
1.39212294949e+54
29838.2832259
1.88077098122e+40
4.03847911324e+54
2.09922050897e+30
1.31524495817e+56
1.24271937138e+104
1.57388113068e+17
2.95864085647e+109
358.477139349
1.83485701129e+67
1.12752516262e+89
37649.7476773
1.56689944123e+45
1.20881201065e+46
9.31131904517e+31
4.5900491377e+133
7.1560434785e+23
20899636664.5
2.26206303775e+48
2.97561297276e+75
85945449421.0
1.62213259123e+92
522.321994802
3.27330233104e+27
6.1851519592e+31
5.91637305132e+29
32854.5793881
5.07944235153e+54
8.2110205325e+31
1.42548075319e+72
1.69884660932e+35
1.53780175407e+117
1.34357247343e+38
1.16862189164e+74
20.1924701196
4.92992769981e+26
2.48513862007e+13
3.02429944008e+26
1065.76141781
8.47932087688e+12
9.91232559909e+92
2.39170854701e+129
3.67222182513e+29
9.07276672472e+69
8.5318938687e+83
1.28873857435e+42
2.96034103835e+17
7.0721662386e+27
42.7503931462
1.06074436942e+43
106.090597694
4.56693004795e+11
8.70869060585e+102
1.77799145386e+20
251.575910612
6.2331504378e+131
115.177608508
1.10277808713e+83
3.28820032402e+42
2.05158392068e+36
1.04836480403e+64
172596.208209
1.26818301299e+12