10.0
10.023012256
10.4597069154
26.5628313677
16.5937019174
10.0063964601
10.0008556909
10.4139052826
10.0008395168
17804842.0457
17379.2457258
8025918756.89
10.0000073459
8170.94726606
37.0824170978
507642.787058
77764962.0819
10.0806434536
11970.3797778
404726.88956
40.2337356818
240659.340607
10.0033745341
10.0129962726
10.1533256142
20000.3603736
10.2080631887
1568.05298236
17088750.3423
12.6258932906
10.0002825302
1674841722.18
31221.264534
180776675.486
10.0045052035
10.0006621189
10159333.2302
96645860.3096
24270.4124432
2420385794.96
411038355.987
10.3829560697
221.355257431
35174.7112261
8519203652.99
1132.18055897
488252.823619
10.0481893505
425434.904579
2891239.94307
11.1531083226
3595941.60183
2733.02065515
10.0000030354
572444624.002
10266.1761712
318.395584158
10.0796677015
938.290881473
437.723171172
138748591.81
10.111946411
1199.97243257
124.716594857
11223.4247623
38.1842485808
24.5095110494
20828689165.4
698541.022679
14.0761958621
929910.455415
174.635426745
10.9538152567
7794.01316207
34.1172483961
1830034241.8
17.957596231
2647.24974748
10.0253723379
228542292.106
37.7100295567
1497.67909655
2328.11250361
412968477.792
10.1746518353
4637.39060669
22.7881794809
10.0003920109
540.468948233
10.0000069282
10.000338989
43044.5037885
61275.2374114
10.2236527153
14.0106927671
123032.512891
808.701577112
9540783798.17
10.0001038949
10.3756056376
134.024756334
10.0222766717
7253492395.76
10.2992439476
10.0000001021
139407.143682
5228904.20716
10.0006278165
2203.96057692
6190749749.06
10.0075044411
2751.78069916
10.6836791259
24727089.7155
10.0863284376
3111681974.88
135.133779713
2966822446.36
10.0214854452
1101941536.5
16104093549.0
32.8095746124
326071.271268
10.0067628726
2898437840.59
144264516.371
14.0426765194
10.0000000005
14982780.8126
418.957204586
37584193.2778
1381307982.55
10.5224082801
12.3570880305
10.0424635878
2098319360.84
10.193949138
11.8662782769
10.0049568218
5859967583.37
23.1842444343
83.3344155543
10.0000014609
10.0002051296
10.0
45852074.662
10.0000008626
13.8862592621
38297.9039735
135.281242088
10.4775381666
2010.63442979
3795825200.01
10.2660823293
10.0292736596
1088872998.19
15.2734023024
11.0423335162
918.179506269
10.0000033318
11.416798448
1665.00540317
1714.02897021
19986540.4831
13.4190736095
10.0001878413
14.9369872162
10.108657221
3899674.85256
11.5892980793
82.9612942008
1312751490.13
10.0268692582
7818.00064239
10.0036976518
188124.144703
11.6413809537
6714.5389076
12.9685955012
1674.2718255
278434.423398
14113270741.7
375699642.619
6007368.5204
2230908750.02
6282553881.71
5949106386.42
13.5063240535
104.940713318
56.5006883869
32.6014562039
1925950696.32
703495848.87
1316.56898665
10.0029599429
780514645.012
18.6042510922
10.0483403082
10.0041857371
10.000002257
34958556.4008
17807.9970034
10.004467629
10.0000000403
1573551.7627
7272348.57671
10.0029790712
10.0000000021
11.9473199159
2687612810.36
42328.0643314
3178790.66127
1789.81768854
20671.8061738
552054692.034
6152361306.82
6915189.794
86.3826618355
1216238811.5
10397988.3149
63176937.0821
121172472.238
159772.362802
10.3371728902
5908910551.96
2689398.89576
10.0000000038
13644531.7362
1925.5145777
2669201427.79
3679161.36151
8973.19417394
200988302.386
2102929390.19
22728.5950218
10.3935444725
10.0237253908
30449.9407165
1218908.44178
12.77940495
6384.59090268
12.4545301618
1489570538.74
115036526.375
2519.30272758
10.6233455082
22.0102822486
315246723.408
12209.7742324
10.3527735921
12.0381380849
14.8936324652
22852348945.2
12.0681713632
10.0577185989
373.254876636
10.000001157
351.608084304
56.9488783603
11243.4996188
4021.97317327
14.8736817716
16642234.2522
2985853654.03
7148675.85881
32682.9578846
12.2434928119
18381981.1594
3763.20235659
66.1737879727
282.017518831
16791.4337929
219892.79624
12.0717034022
16034515597.4
6094.45491642
1728.55674865
4049337.71369
10.7412114123
10.0005272467
26.4737515039
10.4760523725
10.0202679561
10.0000135472
10.0002701622
10.0008812812
284419.879602
10.0000019055
599802.216835
20771.0802067
10.0017203021
12.3274890204
47683502.2518
10.036482262
10.0000001382
19.0734870134
96.0914414544
10.5563783203
10.0551049217
707.371944663
3045307.33167
133543323.512
10.8226216577
10.0
11.3805847943
10.096903872
34.1499857673
1663970.33841
34703.8121079
26.3779255866
1209117681.44
265.171619172
1109939708.17
311723.003987
12.9348726203
12.2016305706
17.7798902312
91413351.9145
19.7554128297
10.1185777453
4340.08373186
1411541.67995
250.282624727
2757866477.32
833688.123304
10679095257.9
10.4132732972
18.4317131982
10.0000000404
149953988.3
5087083.35949
10.0046657899
19037680.2993
5759781867.99
97161.6413489
10.9710495134
10.0338473919
10.0847359188
273.294757306
4795.36978032
961325176.134
14.4509114308
38281369.9071
4441.72441051
10.003255814
313.208886564
47.1909541973
287.806128762
936946.254071
10.0030817666
10.000313418
10.0475775047
17.6008892986
11529425.9051
16.6645169015
14.1668392151
146.76410596
19.6398196114
15.7411054583
382.357095479
2081.88990501
439360009.032
31805733.9154
36.5555646349
10.0001144535
41.1196505447
11.1388065527
716480815.691
9414445.73826
10.196451809
120477198.185
10.0067454271
10.0019966496
10.0
899.874449126
132787575.427
10.3823119121
7066599.57407
70.2023700266
10.0130399509
1552283.44285
11.508588137
12720050088.6
20851.3394337
10.0657169286
3963583.64547
760886.126716
11.4060339182
10.246080058
12234115.5938
13.0607488216
11.636733314
10.0271315385
13440153.6854
13.0297932446
10.0230379095
10.000067135
10.3367237008
92721069.1946
1869935.86368
3288.95592408
10.0
326688.526742
10.0000000012
4810608.65743
64.5808372444
10.0002196335
12.8788316404
37635155.116
126320.630219
15.7346532866
138709348.749
14.4834466536
17.5031138887
3265808955.88
10.0070095816
10.0826687217
10.0000013404
21.8786904999
10.3082974471
436401.703961
47045616.742
51094.40399
10.1614370335
10.0000115863
4782126617.23
1661837.71058
13.0986553383
5350477892.45
10.8992456492
19.0328965128
1767.21247064
10.0807822557
1927493.22435
10.0151947808
48947940.4306
15924389.9768
1145555.01679
10.1434813812
276.083999126
11.9165724837
10.198701767
293029.013864
19.3481190081
29.149578967
62046.253982
12.3881242615
132.603897314
6306362760.71
58896.7778401
17.1367252825
10.0019922118
55.5414590653
4876048148.67
15.919833252
270.80884906
9885789.40555
543659.655329
3696219.68838
597658661.459
22901.5156712
1163.75093517
1438.56024254
10.6905793397
111.251510255
320052.4223
148464.337872
10.8872551764
10.4588476544
391072.698639
723.313060141
10.0000000034
201480077.765
37876.8563872
869.605382479
25.8783004276
10.7024447824
10.1218966163
47557.370798
20744.2509908
11.539052174
2960106.35357
10.2154262488
453.952536175
4447119.44906
10.0
12.984062777
10.6359406435
121.753760691
11.0010421166
3468.82668237
10.0022901866
46.505056676
5444811809.71
26.0913416773
10.0006070902
10.0293383846
1617.9812451
10.0000967573
10.0006349606
27202065.3512
10.0000004869
2912195334.61
364091.194985
13.6508149873
10.0076253709
180.063625131
10.0019855254
10.173158003
10.0006271173
130633034.506
11.1674519387
10.0566512768
10.0034318226
44036.9395453
366096.203937
10.006287104
532496.888978
8757360769.93
18.2469771099
10.8600111851
726966.304882
15.1644839061
28242634.3392
384.653696587
18541998.9098
1918.46376632
11.6655587171
10.0747615244
10.8443681297
35771.9091181
135.861232171
10.1703180113
10.0000073576
361.359548239
8171828764.49
11.116033392
31526.0253059
13.556275529
1491.15915059
10.5881224937
1338296382.81
59424.4246999
12.8603902592
71928.5580795
65.5568706121
14087.2576959
1115781.87756
10.0021780516
221.475675605
10.0245074418
88322474.2241
10.0
10.0147778671
10.801134665
10.0008065045
10.0000086342
1575.91391615
10.8455202426
11.8955449975
181982506.677
10.0149473704
100.619130013
1229339.49396
10.1575565309
6849099259.75
489353786.637
44.6914328904
10.0009627693
10.477701277
10.1951883924
530035.301542
111.795623811
107398023.365
10.001373299
10.1860347922
134562561.559
4799.97141519
2533277044.54
13.2933292826
10.0062984356
344119.300686
9830671350.97
10.0052072189
919.213959691
13.1545511455
198196.822297
2459343727.91
54.1441591512
11824998566.8
87724390.1511
33772.9594828
113851.761435
114976012.179
10.0000850487
795349.651942
10.0060630073
10.0035820107
5935601.92603
10.9448809815
10.0709651751
10.0401692399
12.3438865742
19595.551839
100391.020325
37526.4773739
10.2370209786
10.0000202229
38.8557107287
264030.704131
18.5842246163
196344.456184
8389.48078154
991830326.763
799.118411249
39.6214951565
191309526.45
24.9121313632
32927184.6159
10.0062574537
11.8740321158
210220.402728
4698373793.18
10.0152307119
94.2661070844
12.894818292
10.9183122997
10.016177973
11.9994552753
22.1774014242
5295712898.76
89459.3775595
433549.837558
155.259795248
709.61431314
10.6845416705
189.877171812
784.47312467
49980.2491127
5537814.05064
10.000006996
10.0018479852
10.0000227606
9727.00123149
612.884359492
3620207.35426
98.3983785996
66.6545295452
923155.032144
13.1804240584
3056387171.4
10.3137260781
740.872135087
10.0003117601
3632846114.38
10.0000010444
32437279.2041
70.2422476298
2533442024.1
579411030.457
159380837.68
10.1781252529
416355809.645
15.3009470795
2295937.96706
36246.2234754
71.3873080754
269997.318264
10.0
228.236024478
4669325847.43
15.1385238797
73627.5598557
10.0001165617
38.338919775
10.0
12748.3742594
1265484349.79
910354674.243
3158919688.61
26702.7587898
3177058005.6
10.0000017063
10.0379994712
2430111255.06
10.759035452
10.9035491454
9803.88736906
10.9139233716
10.0000026531
94159.6827565
10.00031274
11.4030469764
10.6258785852
10.0809413538
42493043.1244
176831.98349
1710.78861328
694391783.812
10.0002944772
34.3157680958
10.0000006265
10.5459992492
351187.907441
10.3844189952
10.0115607287
381.588567113
10.0000019706
10.0003991859
12.0554569149
18081821383.5
13.3718371212
1031785.86789
10.0041551035
1958114621.19
10.0007119051
62012464.6333
11.138184934
2419575.30251
10.0
88909652.2855
10.0000000141
786068313.483
10.2879825192
27.822778787
10.0026928898
299101.828369
12.0375556646
10.0707077299
79252092.9196
30.6229246374
22321326.4273
14.3587361338
3008.69151121
30.1214598365
24.018509903
14.7586383834
46320747.4798
51.348873061
3278477.7305
9829.47165656
12.7958622296
10.0270138756
8134125.34029
1439.461172
10.0454031088
11120916988.6
15.7410102906
24.7739935917
48.1243292818
21.7544803343
54727.2098659
30078006.8489
5277970.88152
127.154640082
133.081689283
446.930995654
31182192.7538
65845.6650147
10896725.2228
1082545.49212
10.0005476691
11.4254697382
10.0002182738
66693.6754098
26.4307775157
2033930892.53
10.5285002978
861.690578527
71.2140688971
793557613.81
16.0591854224
1023636.41085
10.0005328249
10.0021211847
13.3156491213
20552814315.8
252790641.76
10.0013653917
10.1129334544
10.2055068922
4429.26328651
34385.9870881
47190.4382995
79208733.264
11.6249060197
10.0007426497
44763543.4207
10.2884794854
10.0399272859
5280403.37402
10.109853996
2300843817.23
18.889443379
32338476.5576
10.5205765225
151.239058993
533.311502512
96.1949790962
9124614827.72
53.0886429096
26658.3105295
309086529.209
2547571866.83
62643681.2046
11.422267212
10.0170683431
479.906710621
11.0007133295
47078.1255366
10.6341359023
44015449.0507
10.0001391724
585.51785601
39.7518313366
21.2721600548
142684.15147
11.2564716863
10.0000050653
100183462.68
10.0000513788
3464885105.59
11042.0589897
10.0125357915
25.959805838
23588380.2029
10.0102141449
10.0075495409
119277.253665
10.0000646014
12.3041706097
145.471472925
12.8968054188
12.2525561819
10.2923661948
22.7583250694
1467210901.0
937691.839821
750578368.834
2582599.67175
8860050.88661
11.3467921398
10.0000201604
2986053531.58
12.5553456056
26351410.2156
552453.774559
10.0062098622
227.329502631
69.2521321684
10.0005916022
10.0138293095
12.3052795873
10.0000128317
88.0345977394
391899.074329
8392982.55713
28.6698058276
10.0454256491
36.9364662892
13.3271046584
10.0054796185
1895471911.72
66026.3571615
2337075.65089
233.540884512
219.377658654
10.0000000559
183976.294052
10.0
10.0000000008
14.4472812155
10.4498282447
10.0000916991
1033.00834604
10.0009224006
291.766446124
382878.173934
10.0088855228
10.0678200646
13.2731515495
11.437572958
422726448.326
46838975.4972
4227379.65534
10.0000000025
118.441185367
1926876962.28
107.573606329
11.3516062507
10.0000000017
15.2556603034
10.0002925649
1551.90160974
10.0002381084
5212435436.11
22606.3621761
429.50149152
87.3811847373
916760.01121
10.0938819878
157037.69306
41.0119064975
25.297554775
10.4113191993
303635.336939
10.026587006
16.1210223526
62.0699659249
7228276575.09
13805296.8724
12805.3359441
10.002140146
7474.33461204
405.922546362
195074.50871
10.0154963397
386172799.926
10.000001015
13990390132.0
10.0001309123
22.53303411
10.000083747
41.7811107919
193393.468682
106.831563989
10.0000000147
13.5386741392
10.0000220906
3758238439.72
10.0038900546
10.6905906344
10.0283304462
1112.01130191
5134644310.74
179176.563382
21.2073469099
10.3161422327
391170084.195
87.5068685612
475539699.39
10.0002022051
10.0013252576
405962734.902
5186366.96984
10.0004192324
10.0159450902
277400.848408
422.164207539
2118813.94789
43.1630582564
25930.2974244
210339.149292
16.989805999
10.0519774051
10.0255592906
10.0050119199
12.2770275092
541.835287011
103.369887937
201.878717286
10.5105127022
10.1535806125
10.0506481304
10.4390731349
4551.90334081
17236.7823916
703509.594182
15.3719389196
10.0000032995
10.0442344162
10.3231185558
10.0001947709
21.1218805001
10.3490449235
10.0000058981
15.0187953439
50.319957931
17859.446498
3142.29077779
10.8525501559
51280.9205071
10.0193110291
10.0192937885
10.0031807498
10.0324320193
67.5170938483
424877959.025
1661.64752987
10.2806658114
10.2427918024
22016.5735525
141.673179124
38.5632429735
25110343.3941
17906077494.2
10.0002770986
10.0003639094
367.779154166
10.0085427342