10.0
10.0537611452
11.0987884633
76.841651863
30.3630447111
10.0149301648
10.0019967032
10.986981734
10.0019589602
1091000159.28
614166.487498
5.64970520182e+11
10.0000171405
255031.712969
141.73372923
25757449.1368
4998518528.47
10.1889764989
398904.551501
20187228.2717
163.803812598
11505701.2343
10.00787533
10.0303456514
10.360679344
721704.826316
10.4908531388
34100.2820715
1045525408.64
16.9562109733
10.0006592471
1.15170557571e+11
1198729.51933
11880610822.3
10.0105146673
10.0015449987
609037757.739
6249751524.39
900397.619263
1.67443474319e+11
27523439746.3
10.9117220773
2445.03795399
1371764.71665
6.00165175565e+11
22500.4237097
24702245.7686
10.1127306193
21301670.2228
163501657.881
12.8535531814
205635561.914
68219.6944856
10.0000070825
38594258096.4
333447.989328
4103.24697028
10.1866803091
17641.7237857
6378.09003242
9058442759.31
10.262765511
24247.5946361
1042.4585123
370049.144567
149.323106251
65.9438428014
1.48353637529e+12
36261293.6546
21.4727222087
49209281.2986
1728.88025693
12.3373645266
241206.863448
122.016757819
1.26029018321e+11
35.7025735631
65590.4471122
10.0592822064
15104262250.1
146.039662083
32172.9962657
55952.2129848
27655429889.3
10.4113081115
129873.727766
57.3070280334
10.0009147112
8494.52926355
10.0000161658
10.0007909887
1722073.33264
2556700.35086
10.5280626468
21.2588981009
5529125.18724
14524.7036619
6.73123236398e+11
10.0002424229
10.8938824157
1163.21857983
10.0520406379
5.09909451305e+11
10.7093353042
10.0000002383
6341843.6355
304478101.958
10.0014649543
52269.141093
4.34265174754e+11
10.0175173702
68796.8437063
11.6528942343
1533141172.83
10.2023593919
2.16111771754e+11
1177.8462491
2.05900500048e+11
10.0501901356
75224351861.2
1.14357465855e+12
113.661013083
15988723.2606
10.0157857272
2.01082244167e+11
9427920389.6
21.3631895805
10.0000000011
912137124.452
6006.07870887
2363263663.39
94673130427.3
11.2526803529
16.1702462658
10.099305971
1.44830115403e+11
10.457217077
14.777583401
10.011568975
4.10750336743e+11
59.2527592454
555.189165932
10.0000034087
10.000478641
10.0
2901369500.25
10.0000020127
20.8552284515
1509919.35811
1179.79498546
11.1424551641
46615.5591455
2.64415819896e+11
10.6296383298
10.0684118066
74316230282.9
25.5395298766
12.5654650353
17150.6069853
10.0000077741
13.5510385802
36785.6666594
38156.2410545
1229879795.24
19.3693951475
10.0004383008
24.3666863593
10.2550006351
223905426.722
14.0161804772
551.21908365
89894492651.2
10.0627847472
242083.813563
10.0086295557
8800823.11839
14.1579901664
202171.28969
17.9817598182
37044.0918461
13477051.9218
1.00061236952e+12
25108828278.0
352048795.903
1.54134334022e+11
4.40794044608e+11
4.17085590283e+11
19.6432962159
798.716358009
293.762394155
112.350963514
1.3274660777e+11
47623060405.0
27304.9156694
10.0069076238
52942507653.1
38.3562928551
10.1130846655
10.0097689001
10.0000052664
2193000530.06
631631.319002
10.0104269514
10.000000094
86031699.4854
429826955.62
10.0069522705
10.0000000049
15.0037257023
1.86237420137e+11
1689893.31296
180647656.135
40291.1672087
749532.798691
37192400076.5
4.31535423543e+11
407812851.787
587.940158317
83173492391.5
623938702.831
4036576007.05
7883279447.92
7362974.68469
10.8008210922
4.14228661421e+11
151509234.816
10.0000000088
827674699.763
44160.0054929
1.84941730418e+11
210635296.297
284757.597957
13242829905.1
1.45153483819e+11
835420.702533
10.9374436441
10.0554292722
1165232.03529
65622465.8208
17.4123586099
190419.702971
16.4532732326
1.02226418822e+11
7473862910.81
61698.1320213
11.5024290829
53.5594183013
20987962511.4
408203.939954
10.8385530371
15.2589477349
24.2172319106
1.62939676663e+12
15.3437660767
10.1350909916
5121.32100378
10.0000026997
4713.53009342
297.684593523
370821.376546
109355.39577
24.1485874737
1017199161.0
2.07241663431e+11
422199669.88
1262450.04851
15.8430223255
1127691469.7
100880.763704
382.002561701
3458.14995771
590307.828616
10430884.0606
15.3537546747
1.1385750155e+12
180162.221025
38563.9881894
232929247.353
11.7971944547
10.0012302769
76.3558557739
11.1388136578
10.0473430043
10.0000316102
10.0006303875
10.0020564194
13791156.915
10.0000044461
30804168.2745
753656.287902
10.0040144065
16.0847003331
3020924107.96
10.0852908277
10.0000003224
40.3298205672
695.86401809
11.3364555617
10.128955756
12172.7911797
172679823.21
8710059522.18
12.0027507739
10.0
13.4542769375
10.2272761086
122.228663957
91273254.6988
1351041.97375
75.8345671142
82677893819.0
3168.46844019
75780218576.2
15229465.2287
17.8796821585
15.7231743434
34.9868940352
5902381039.91
43.2683563392
10.2784284238
119900.526999
76676725.3754
2917.58593997
1.91182548454e+11
43800205.0538
7.5451887015e+11
10.9854425794
37.6407050021
10.0000000943
9809334834.13
295839390.707
10.010889552
1169419399.41
4.0363131545e+11
4263255.96573
12.3816280556
10.0791197529
10.1986096708
3307.40232652
135216.637633
65462092124.6
22.7134099451
2408527352.87
123297.72066
10.0075982184
4009.72036704
216.282274268
3559.05737105
49606008.7924
10.0071919706
10.000731321
10.1112956942
34.2719840201
694733734.712
30.6314949085
21.7701184118
1334.17587837
42.7644309067
27.2083771902
5295.02305161
48687.3058173
29461269398.0
1989009283.18
138.154284762
10.0002670599
170.206140249
12.8161947707
48519259250.7
562606402.486
10.4631777584
7836864671.9
10.0157449916
10.0046593452
10.0
16705.8752383
8659501872.61
10.9101581629
417140378.549
420.850178776
10.030447709
84800836.8256
13.7976789778
9.0068740912e+11
756991.656148
10.1538764706
227757094.256
39729936.0078
13.5222438714
10.581697993
738944322.157
18.2619889693
14.1453099789
10.0633984963
814798083.037
18.1676464828
10.0538211503
10.0001566489
10.7997355654
5989155162.46
103262292.956
85614.9153566
10.0
16021436.1033
10.0000000029
279025315.021
366.970617561
10.0005124842
17.7106072003
2366571573.47
5691671.95607
27.1850544702
9055815208.87
22.8225313648
33.8840287421
2.26983058465e+11
10.0163618044
10.1937432178
10.0000031277
52.9352678473
10.7311404992
21893247.0943
2979269719.38
2087113.45029
10.3799227219
10.0000270347
3.34242475758e+11
91149467.43
18.3778040346
3.74562404064e+11
12.1976806393
40.1575301452
39652.3902341
10.1893031545
106623971.852
10.0354832145
3103534641.27
971709619.824
61435341.2196
10.337346935
3355.43298409
14.9177481526
10.4685378667
14243725.2843
41.503292721
91.4437467877
2592578.46653
16.2601595299
1144.55115746
4.42487452298e+11
2446288.0168
32.4463952118
10.004648988
285.424926154
3.40901638716e+11
27.8577401558
3264.73414244
591972973.229
27723826.466
211660711.123
40328941801.2
842683.711525
23311.1681198
30568.9393019
11.6701588039
874.4960414
15669954.5888
6794657.09497
12.1670839532
11.096686193
19454340.8085
12537.3604604
10.0000000079
13276009889.9
1491224.31541
15975.3509464
73.138530703
11.6998735022
10.2862715378
1925967.83249
752541.670089
13.8799733503
167601695.794
10.5084200185
6703.66148053
256976665.302
10.0
18.0286629474
11.5337669893
1004.79764877
12.4588290072
91362.2389031
10.0053444214
210.891297894
3.81259759225e+11
74.2836172199
10.0014165897
10.0685633033
35478.9348188
10.0002257683
10.0014816248
1692161126.69
10.000001136
2.02051454318e+11
18010917.6807
20.100525829
10.0177997673
1808.77831401
10.0046333831
10.4077580689
10.0014633226
8515402381.37
12.8910697483
10.1325853998
10.0080090517
1766738.36073
18117951.0602
10.0146748279
27113531.3212
6.17165340774e+11
36.8805852426
12.0976925454
37840716.2031
25.1572677813
1759143323.14
5339.05297979
1137870734.93
43957.5718807
14.2240357959
10.1751384215
12.0579298028
1398087.03606
1187.46815154
10.4010104447
10.0000171678
4896.29045796
5.75378374976e+11
12.7568082362
1211989.41455
19.8008515672
31995.4086333
11.414995369
91674646628.6
2470747.11285
17.6551225064
3055898.92014
376.158463572
481931.350778
59739683.999
10.0050827107
2446.96196135
10.0572587496
5697397789.49
10.0
10.0345088614
11.9483420285
10.0018819248
10.0000201464
34316.7321118
12.060856325
14.8590756385
11961798315.1
10.0349049959
747.975905563
66218939.1517
10.3707146605
4.81109225348e+11
32887208535.0
196.859869784
10.0022465772
11.1428549612
10.4601684504
26979051.8558
881.120532291
6964860970.74
10.003204599
10.4383774397
8778253656.02
135372.702936
1.75379855565e+11
18.977573458
10.0147012862
16946857.0415
6.93842229525e+11
10.0121535514
17175.8047937
18.5491597966
9315652.59895
1.70181712396e+11
273.420537733
8.36552410904e+11
5657752349.08
1310165.04862
5077149.62424
7469827478.05
10.0001984478
41654209.7532
10.0141515913
10.0083596216
347653094.277
12.3144462304
10.1662115268
10.0939289189
16.1320673432
704980.483094
4419890.75378
1475683.28152
10.5600181309
10.0000471867
154.015788073
12723064.1271
38.2729551652
9220829.59934
263089.452604
67578148895.5
14298.8798666
159.429219103
12590140051.3
68.0306218203
2061508137.83
10.0146055975
14.7991544363
9932674.09498
3.28305625157e+11
10.0355671899
675.168070588
17.7587675648
12.2464050595
10.0377811672
15.1500072166
54.3561927993
3.70674939245e+11
3891467.21017
21739320.7991
1451.6059549
12223.9454217
11.6550517195
1955.54458222
13955.0932067
2036232.76532
323325233.2
10.000016324
10.0043123905
10.0000531081
313033.857704
10057.5304432
207092933.695
722.279363476
386.576237307
48828513.2642
18.6287095447
2.12213250431e+11
10.7442249265
12941.3510814
10.0007274523
2.52897793518e+11
10.0000024369
2029828603.54
421.240543605
1.75391457323e+11
39073409687.0
10441959096.5
10.4195647044
27887096771.5
25.6365852306
128246758.74
1419025.69219
432.497355273
13035066.2872
10.0
2555.57212341
3.26246849877e+11
25.066516055
3136158.73493
10.0002719791
150.399558116
10.0
429213.214419
86601928951.2
61928748057.9
2.19442943682e+11
1003844.78071
2.20722216967e+11
10.0000039813
10.0888450349
1.68126993217e+11
11.8420623915
12.2086705057
315935.567594
12.2351815149
10.0000061906
4118043.06858
10.0007297389
13.51425875
11.5087285283
10.18967758
2682416572.96
8226066.47082
38065.3929242
46994874296.9
10.0006871243
123.303778244
10.0000014618
11.3108293964
17323014.4789
10.9152742102
10.0269916631
5280.30711412
10.000004598
10.0009314536
15.3078333499
1.28577614452e+12
19.2218001895
54968623.7654
10.0096973899
1.35000289757e+11
10.001661175
3960005029.52
12.8145721109
135538964.251
10.0
5736326282.7
10.0000000329
53326418681.2
10.6822404843
83.8356974621
10.0062843119
14563500.641
15.2573049427
10.1656062887
5096835816.74
100.174839549
1379005063.03
22.4054666599
76772.2060516
97.1703358192
63.4327948018
23.7543651632
2931952761.55
249.919280326
186607319.712
316901.827365
17.4615729893
10.0631231571
483099769.252
30593.27817
10.1061969674
7.8613756161e+11
27.2080331262
67.3118580253
223.691391287
52.3487581902
2253743.87772
1877454280.45
307468986.764
1073.73485827
1150.81922271
6562.37617679
1948729076.47
2769969.31194
655115115.187
57849526.0183
10.0012779319
13.5742537836
10.0005093115
2809692.02516
76.1219127874
1.40314645033e+11
11.2676834922
15785.3570498
430.78838355
53844203550.0
28.3684635468
54506770.4825
10.0012432934
10.0049499909
19.0468701099
1.46366250125e+12
16746035476.4
10.003186146
10.2650961729
10.4847574243
122880.523497
1337072.10632
1909315.76537
5093968606.28
14.1130642239
10.0017329179
2830368484.29
10.6834355192
10.0933619498
307617288.229
10.2578255825
1.59044961623e+11
39.5510097315
2023441145.53
11.248170954
1395.70069664
8343.05760312
697.043404512
6.43390750391e+11
264.464916179
1001944.66184
20568813924.5
1.76385139025e+11
4001506969.14
13.5656777629
10.0398623799
7231.41040344
12.4579815426
1904221.33392
11.5292742566
2781598683.09
10.0003247381
9460.52954786
160.357050998
50.0956637749
6505421.85619
13.1249983387
10.0000118191
6484844555.27
10.0001198841
2.41034520085e+11
363080.878327
10.0292697329
73.5758237744
1460127825.97
10.0238459861
10.0176226875
5343910.45527
10.0001507371
16.0174465107
1316.54301423
17.7647578273
15.8690225933
10.6927838307
57.1613858335
1.00665753244e+11
49648059.4086
50873849838.3
145179250.14
528129882.85
13.3642628664
10.0000470411
2.07255749753e+11
16.7483576313
1637457280.21
28205144.3776
10.014494477
2540.94081109
411.581600958
10.0013804487
10.0322921845
16.0206421703
10.0000299406
605.921060927
19498651.2357
499141582.934
88.6643867798
10.106249816
140.738904105
19.0824785944
10.0127895128
1.30611483578e+11
2778429.45348
130671196.556
2641.60422371
2413.49419064
10.0000001305
8589399.16826
10.0
10.0000000018
22.7012481744
11.0746301691
10.0002139655
19988.2757031
10.002152374
3628.48475193
19015270.79
10.0207427107
10.1588186913
18.9150213477
13.6066866913
28322888417.8
2965778979.93
243681504.519
10.0000000058
963.152358111
1.32811502688e+11
830.093583563
13.3770698442
10.0000000039
25.4770970112
10.0006826621
33656.2830102
10.0005555934
3.64764454441e+11
830290.499385
6214.50809199
598.789573357
48468195.7036
10.2201534355
7225246.26304
169.4229689
70.0514114161
10.9806841344
14802503.6409
10.0621242822
28.5963306225
343.667924865
5.08113072455e+11
837807862.671
431442.011101
10.0049942441
229557.917368
5750.59307147
9155858.18956
10.0361880035
25824028028.8
10.0000023684
9.91794786082e+11
10.0003054642
56.0669723277
10.0001954104
175.041387407
9069902.29668
821.215419583
10.0000000344
19.7452720092
10.0000515448
2.61758933547e+11
10.0090786771
11.670187073
10.0662042178
21985.187378
3.5924437532e+11
8345185.50995
49.7958723168
10.7500508237
26165409798.5
600.159362995
31939931218.6
10.000471817
10.0030924864
27176399200.6
301886087.215
10.0009782308
10.0372368432
13422857.7959
6069.30753891
117830621.37
185.292504032
970873.23284
9938780.78587
31.8771152871
10.121616585
10.0597196138
10.0116976054
15.9393174415
8523.50906039
780.162265302
2138.91788309
11.2234105556
10.3612840494
10.118497985
11.0483556691
126994.89203
608374.877774
36537111.8899
25.8874407121
10.0000076989
10.1034569931
10.7668803735
10.0004544702
49.4016336543
10.829529425
10.0000137621
24.6497551392
241.44557673
633730.523427
80969.7364283
12.0787201734
2095641.71
10.0451054633
10.0450651525
10.0074230086
10.0758055504
394.825146648
28470091510.2
36692.0956188
10.664653322
10.5738263195
805581.722034
1265.09837535
151.96556323
1557737104.41
1.27313326672e+12
10.0006465729
10.0008491385
5017.45242341
10.0199421271