10.0
10.0306924153
10.6166432801
35.408090548
19.4345268509
10.0085293407
10.0011409342
10.5548782037
10.0011193683
71060581.2768
55138.2629171
34017717950.4
10.0000097946
24664.678778
53.7034339453
1869691.149
316835845.159
10.1076399109
37091.225521
1479953.05259
59.3996140086
864514.558605
10.0044995813
10.0173313649
10.2048499674
63991.9812
10.2781819112
4112.06533832
68157866.7934
13.6142461757
10.0003767084
7026666639.28
102444.05605
743647293.546
10.0060072988
10.000882833
40167110.467
394791797.287
78531.6392292
10181237129.0
1704641894.7
10.5131826572
453.242098887
116153.7458
36120879088.9
2869.42757844
1796093.21811
10.064293685
1558186.02884
11149365.4049
11.560256223
13933063.7486
7556.83420252
10.0000040472
2381084196.67
31485.5186581
688.437080101
10.1063361383
2329.05721701
989.174607026
569126251.278
10.1494838464
3060.37303531
232.047656155
34628.5524066
55.6850301359
31.9905775329
88736932087.6
2597651.07417
15.6966738635
3486271.63128
344.233646875
11.2874361445
23447.4371829
48.4274179195
7682725375.59
21.5174631004
7298.68629794
10.0338412187
942427605.627
54.8308157746
3909.23192307
6343.69236662
1712720359.89
10.2334082667
13411.1654042
29.1717344231
10.0005226839
1255.49617379
10.0000092376
10.0004519874
143633.332323
208028.391255
10.2990863227
15.6014341816
430714.465263
1973.38847652
40478321182.8
10.0001385268
10.5032847895
252.559503302
10.0297110446
30725710919.7
10.4005682394
10.0000001362
490517.621453
20417531.1736
10.0008370957
5974.72991147
26199318055.0
10.0100069224
7613.37579334
10.9196986798
99190211.0829
10.1152366949
13111503090.2
255.017120262
12497132600.4
10.028655461
4608442779.83
68518303121.7
46.1283447167
1183820.13858
10.0090179764
12207162115.2
592006524.61
15.6479241324
10.0000000006
59630815.7845
941.204042191
151680555.949
5786852194.13
10.7013137952
13.2345857214
10.056650128
8817655229.84
10.2592633056
12.5467584365
10.0066095325
24791239927.2
29.8164203253
143.794104197
10.0000019479
10.0002735069
10.0
185551739.706
10.0000011501
15.4208108853
127031.361646
255.344113512
10.6407086377
5403.35305454
16015107605.8
10.3560240921
10.039046766
4553362011.76
17.4559243002
11.4084545166
2273.54630844
10.0000044424
11.923173945
4392.71122538
4535.12468134
79913346.6598
14.7462207944
10.0002504557
16.9580982314
10.1450854307
15135955.952
12.1617603339
143.024366794
5497514655.42
10.0358385009
23524.8009139
10.0049304455
669690.730667
12.2339767916
19981.0320328
14.1012205195
4419.60475684
1005394.69114
60006213716.9
1556786127.3
23521416.3642
9378879129.84
26590180320.8
25170648022.3
14.8717732534
189.216075419
90.013980441
45.7640811997
8088373475.83
2931373356.94
3390.93163984
10.0039467463
3255128713.99
22.5179884954
10.0644952204
10.0055812942
10.0000030094
140941019.462
56582.3234979
10.0059571934
10.0000000537
5981480.79675
28578445.2884
10.0039722527
10.0000000028
12.6598419164
11313453341.5
141122.411719
12283928.9665
4755.92730886
66269.331173
2295543305.0
26035885429.8
27149123.7622
150.10259612
5090356026.0
41127490.5218
256734087.195
496277612.069
565211.015314
10.451562603
24999555867.7
10354191.0347
10.000000005
54220510.046
5153.09296274
11235424298.3
14262474.4301
27265.9369981
827710240.831
8837165072.98
73266.6900911
10.5274439293
10.0316438535
99777.7594889
4603174.38696
13.8319806408
18927.8639394
13.3719753135
6243950685.81
470868251.797
6914.73517958
10.8378958828
27.9125870541
1304112920.61
37882.2541921
10.4725516668
12.786799363
16.8941359658
97403477945.6
12.82883744
10.077017244
825.375240007
10.0000015427
771.048718591
90.8821920297
34694.6261031
11497.2802579
16.8647172607
66348697.3318
12577837217.3
28083391.4519
107504.633557
13.0747656342
73401159.8536
10698.1446297
109.000237158
599.092638202
53161.3310027
787334.132973
12.8337830401
68220727704.9
18004.4801582
4577.39082536
15729277.2766
10.99781616
10.0007030006
35.2586477916
10.6387029726
10.0270312394
10.000018063
10.0003602176
10.0011750554
1027769.29139
10.0000025406
2220418.95041
66606.3412472
10.0022937887
13.192906224
193064314.219
10.0486666487
10.0000001842
23.2489824771
170.421108115
10.7472417072
10.0735271133
1698.94678348
11757014.8914
547542256.748
11.1085422568
10.0
11.8732035792
10.1293715663
48.4851989307
6333979.5822
114517.138765
35.0980041677
5060322159.92
558.167982875
4642155292.66
1129996.60849
14.0531568023
13.0159627808
21.2439370098
373171140.263
24.3185343102
10.1583526467
12484.3456962
5350931.79669
522.256072807
11611222611.1
3116006.99745
45336304531.2
10.5540264498
22.2502454813
10.0000000539
615615052.098
19852839.5265
10.0062214401
76061496.0595
24364847522.4
336787.242496
11.3109782099
10.0451502
10.1131085139
577.864383737
13905.2307279
4016017622.46
16.2435626094
154533666.921
12800.7477609
10.0043412738
675.622349267
72.2642329742
613.223383967
3513380.63098
10.004109191
10.0004178924
10.0634768514
20.9690514231
45684731.3088
19.5417276297
15.8286449691
280.956055328
24.1366434555
18.1523777996
848.325359643
5613.48137252
1823209803.58
128057631.296
52.7598531583
10.0001526049
61.0164183159
11.540635534
2985940070.29
37171723.4754
10.2626174027
493397814.299
10.0089947115
10.0026622703
10.0
2223.11746205
544409135.484
10.5123151802
27754918.0912
117.049750922
10.0173896228
5898624.66908
12.0500149716
54052478457.5
66878.8567313
10.0876991811
15389268.1506
2836509.2671
11.9083159541
10.3291745668
48526351.2321
14.2327210789
12.2275291514
10.0361884595
53394866.1642
14.1885223907
10.0307266409
10.0000895134
10.4509583911
378573498.329
7138346.51069
9243.41527042
10.0
1186137.0854
10.0000000017
18752742.7338
105.839403215
10.0002928455
13.9733531759
151889090.683
442703.32845
18.1427361123
568963499.018
16.2912108517
20.819172019
13765355281.7
10.0093469821
10.1103461246
10.0000017872
27.7005290397
10.4127359013
1599658.23272
190447319.228
171956.529478
10.2157102296
10.0000154484
20206064022.8
6325660.94103
14.2868798595
22623247595.4
11.2129574951
23.1855868841
4689.99024108
10.1078253772
7363450.90127
10.0202638102
198252944.341
63441531.0362
4319073.17431
10.1916727612
584.643807339
12.6169146482
10.2656329986
1059974.83543
23.6787077933
39.7916175286
210770.141764
13.2783160725
249.415030977
26691552996.8
199578.912157
20.2592610571
10.0026563529
88.1598077322
20605410127.3
18.4198271577
571.829187321
39066735.1835
2006585.3675
14330012.9143
2486894119.32
73856.370947
2958.23025262
3739.44014298
10.9290620054
202.766012082
1161233.97955
523696.351238
11.1966054468
10.6154838798
1428426.06014
1741.8860569
10.0000000045
829756550.414
125562.663621
2139.9359893
34.2624007443
10.9451666584
10.162791912
159487.726322
66515.2553414
12.0921697943
11420907.3636
10.2880541806
1030.84001081
17308018.7293
10.0
14.123275757
10.8549628458
225.56349753
11.3519711695
9793.57368037
10.0030536754
70.9795947901
23024581580.6
34.6182967494
10.0008094602
10.0391331332
4256.42176997
10.00012901
10.0008466212
109273313.922
10.0000006492
12265494764.1
1326747.80805
15.0801334154
10.0101681946
356.722778994
10.0026474373
10.2314073328
10.0008361634
535477918.614
11.5799408689
10.0755919839
10.0045759728
147114.362016
1334296.81533
10.0083835079
1964132.50863
37136497097.0
21.9642047617
11.1594688212
2706495.0764
17.2944570399
113516014.931
854.125589816
74050280.1528
5132.4008878
12.2675290772
10.0997811512
11.1381565538
118230.644705
256.630708049
10.2276034827
10.0000098102
795.476707992
34639753055.9
11.5094063665
103498.344339
14.9437430095
3890.47887432
10.7901953523
5605313923.06
201452.268163
13.9471111467
246020.566917
107.774591228
44113.0785744
4203870.92449
10.0029041531
453.527170213
10.0326872579
360405356.069
10.0
10.0197077033
11.0792965762
10.0010753509
10.0000115122
4134.76906299
11.1397259314
12.5875738698
748660292.937
10.0199337972
180.006389552
4643604.62674
10.2105143934
29002911880.7
2032647268.1
67.5994184931
10.0012837089
10.640928824
10.2609241357
1954773.87603
203.939688964
439254767.931
10.0018310989
10.2486578823
551767993.732
13919.6377739
10659462684.7
14.56563055
10.0083986193
1251614.36614
41715227007.8
10.0069434404
2276.39889924
14.366811782
706930.737781
10346254808.3
85.468783138
50229167527.0
357935686.013
111284.771286
397297.772627
470617721.225
10.0001133983
2968746.16052
10.0080846632
10.0047762423
23234985.5629
11.2752356811
10.0947095526
10.0535876339
13.2159931311
62620.7420231
348469.35612
124340.993649
10.3170189151
10.0000269638
56.8979776087
951607.754584
22.4868825255
700077.894838
25371.8832431
4144491215.81
1947.28670997
58.2861446225
787445191.255
32.6561157303
132638575.511
10.0083439675
12.5575694623
751458.269914
19849989399.5
10.0203117378
166.575956539
13.99610972
11.2389693605
10.0215752811
12.7326936309
28.1822942972
22390272421.8
308980.230063
1588870.93735
300.085262494
1704.98127593
10.9208690331
379.426331381
1907.45418818
168025.07188
21648379.5975
10.000009328
10.002464041
10.0000303475
29722.135376
1446.43685173
14029101.8433
175.29664799
109.956655637
3460247.25821
14.4038390393
12876970202.4
10.4200331926
1789.28884576
10.0004156818
15323115423.5
10.0000013925
130637161.545
117.129817973
10660161657.0
2410315172.58
654749606.485
10.2380610842
1726898634.12
17.4968020093
8807367.50317
119881.237516
119.432048316
973878.638442
10.0
469.56204609
19726500076.0
17.2560131298
252099.877308
10.0001554159
55.964077267
10.0
39664.9146417
5298083404.66
3801415228.35
13311880478.1
86868.4193155
13388825799.2
10.0000022751
10.0506915996
10222430704.3
11.0220399418
11.2188275467
29973.2706151
11.2329806726
10.0000035375
325939.911278
10.0004169884
11.9041937986
10.8413278874
10.1080379635
171781651.852
628014.755004
4525.70129002
2893119591.93
10.0003926378
48.7779679616
10.0000008353
10.7332049462
1278193.03212
10.5151528088
10.01541668
846.385246247
10.0000026275
10.0005322507
12.8110375709
76979078775.3
14.6783319096
3879229.10409
10.0055404449
8224428319.15
10.0009492158
251942346.13
11.5397828793
9292928.35258
10.0
362830153.266
10.0000000188
3278482967.21
10.3854371292
37.5327799632
10.0035906486
1082708.3887
12.7859844025
10.0943656461
322969622.618
42.3244381506
89401029.0819
16.1087119176
8390.39793523
41.4595574226
31.1820738487
16.6952630424
187473939.81
80.121971948
12677694.2418
30056.8614479
13.8553619569
10.0360314625
32031538.3956
3742.0233878
10.060574071
47222549178.0
18.1522355807
32.4275138378
74.0177759063
27.5006209164
184798.534401
121003910.331
20612959.7565
237.399883183
250.471895341
1012.79381466
125511387.393
224299.507518
43135489.9594
4075347.15818
10.0007302308
11.9351453173
10.0002910326
227323.278823
35.1865907659
8545187546.78
10.7095474123
2118.22918022
119.083348406
3309978742.21
18.6288475852
3847761.84358
10.0007104382
10.0028283263
14.5976549335
87555740831.0
1043480121.24
10.0018205554
10.1508038283
10.2747549127
12761.9312913
113413.075048
158196.283763
322790766.038
12.2111241996
10.0009902094
181088116.796
10.3861047718
10.0532646848
20622648.9489
10.1466857545
9674980583.74
22.9617817608
130233565.34
10.6988383432
291.013690057
1236.75940459
170.639550176
38702909252.9
83.4439739786
86715.7554434
1278385880.16
10720026835.4
254539651.839
11.930723715
10.0227629671
1097.79986788
11.3515216358
157801.072204
10.8525170164
178021185.504
10.0001855636
1373.99499316
58.5229157483
26.7267297231
502514.31659
11.702254387
10.0000067537
409415651.73
10.0000685051
14610149805.9
34031.9008585
10.0167171812
34.3984877021
94555186.4298
10.013620714
10.0100670675
417035.379811
10.0000861353
13.1600884546
278.058591317
13.9989388304
13.0875034279
10.3913266143
29.1232367196
6149527659.45
3516253.64851
3129261023.0
9933882.87368
34944595.4199
11.8266108341
10.0000268806
12578684842.8
13.5144061378
105806406.846
2040045.39178
10.0082805017
467.408386869
115.14405601
10.0007888092
10.0184424778
13.1616488477
10.0000171089
153.535972901
1431543.22792
33069874.6122
38.9723486197
10.0606041611
53.4417810459
14.6140964339
10.0073066917
7959459550.61
224943.683967
8968873.95473
482.186196503
448.563228502
10.0000000746
654373.074135
10.0
10.000000001
16.2382477227
10.6033155108
10.0001222656
2591.90741088
10.0012298826
622.910425755
1397525.05677
10.011848767
10.0905083387
14.5366910949
11.9518586388
1753566459.47
189599634.666
16435591.2074
10.0000000033
218.340769387
8092291431.08
194.854930404
11.8332462668
10.0000000022
17.4296036749
10.0003900881
4065.4464904
10.0003174789
22036026821.8
72849.9867558
968.130009377
152.176714451
3435615.23611
10.1253321864
555162.529209
60.8194341961
33.2953549431
10.5513929146
1099687.98051
10.0354618968
18.7217367588
100.883682044
30618271921.2
54870086.3824
39853.6809472
10.0028536095
22417.7560393
908.020368198
695380.844886
10.0206660532
1600594578.89
10.0000013534
59480988251.0
10.00017455
28.7577010262
10.0001116627
62.2278357753
689164.748914
193.263607669
10.0000000197
14.9183755786
10.0000294542
15855503402.1
10.0051870084
10.9290773331
10.0377881836
2812.80701618
21705145748.5
636661.325617
26.6230265162
10.4232813703
1621501128.85
152.438045277
1974759437.7
10.0002696075
10.0017670414
1683399437.66
20248132.9932
10.0005589797
10.0212646377
1001532.3904
949.385791798
8112621.1482
64.7701996544
84216.9395483
751898.418829
20.0355145223
10.0693511532
10.0340906581
10.0066830063
13.1219076834
1259.07588235
185.861818646
407.398673609
10.685240039
10.2051913459
10.067576368
10.5888090726
13144.2619812
54658.8225862
2616668.9238
17.6022380151
10.0000043994
10.059013956
10.4326611776
10.0002596952
26.4863837244
10.4675343843
10.0000078641
17.0789129739
78.1665809913
56755.7238238
8796.35853875
11.1493028346
172615.013815
10.0257546642
10.0257316649
10.0042411796
10.0432613715
111.675557591
1762573494.01
4382.96877693
10.3756085834
10.3247619911
70840.8284938
269.565301853
56.3691644704
100750814.29
76227068624.4
10.0003694661
10.0004852149
811.59875241
10.0113916093