10.0
10.0614601464
11.2633385789
97.074056754
34.9362997888
10.0170645004
10.0022819725
11.1341190556
10.0022388367
2104677780.08
1119623.10198
1.10440903851e+12
10.0000195891
458578.350261
188.614378498
48771840.1799
9687278420.28
10.2162047433
722528.109226
38158603.3084
220.467707776
21654977.458
10.0090007821
10.0346867515
10.4130433626
1318658.81865
10.5625205209
58783.7988475
2016653478.94
18.2053696791
10.0007534281
2.2464086783e+11
2204963.7907
23073858177.4
10.0120174843
10.0017657283
1172418704.34
12119206963.0
1650100.97479
3.26785122032e+11
53549688081.6
11.0472211327
3856.50993212
2527464.01638
1.17329428641e+12
38360.9946716
46760200.2511
10.1289176404
40280787.4389
312954355.645
13.3094650262
394034130.752
119556.22013
10.0000080943
75137815363.1
602252.751283
6612.17272552
10.2135749513
29870.2068862
10449.4022493
17581709634.4
10.3007500125
41424.8855138
1578.6691445
669473.039994
199.535135827
82.1394853596
2.90322832971e+12
68818617.0855
23.7364844326
93572035.3495
2684.49378937
12.7041880413
433305.75663
160.422562789
2.45854744599e+11
41.8138391183
114847.929339
10.0677739938
29350335598.3
194.805994291
55378.7928759
97618.6897188
53806996030.9
10.4711547082
230673.668665
70.4332122265
10.0010453897
14056.306818
10.0000184752
10.0009039912
3181540.2747
4744559.52869
10.605286483
23.4718364008
10340406.1656
24450.9945009
1.31610552175e+12
10.0002770551
11.0266325411
1771.51924732
10.0594926671
9.96649077523e+11
10.8138713828
10.0000002724
11875285.1185
584470069.733
10.0016742475
91048.8155633
8.48626204075e+11
10.0200218543
120590.180663
11.9058552049
2960997461.53
10.2315333124
4.21922431978e+11
1794.93689708
4.01958946278e+11
10.0573765753
1.46624491023e+11
2.23730375106e+12
148.562346048
30170182.1523
10.0180424575
3.92539454764e+11
18300571060.6
23.6008850965
10.0000000012
1758522536.33
9818.62837258
4570416423.61
1.84603051008e+11
11.4414350122
17.2568329882
10.1135567049
2.82591427158e+11
10.5238763748
15.5878587298
10.0132225594
8.02617152217e+11
73.0593529512
811.770515843
10.0000038957
10.0005470198
10.0
5614484106.99
10.0000023002
22.9729198868
2785246.11498
1798.05755548
11.3138454995
80981.1361948
5.16373373993e+11
10.7221170854
10.0782154089
1.44851467532e+11
28.8152498966
12.9713240845
29014.7355072
10.0000088847
14.1314857944
63534.6866477
65962.1957518
2373565886.33
21.1447104074
10.0005009164
27.3421662245
10.2918499848
429212278.313
14.682210873
805.621532275
1.75270486713e+11
10.0717796802
434908.288114
10.0098628355
16527315.5152
14.850501543
362059.854276
19.4497358866
63992.2624349
25397234.9078
1.95731896343e+12
48842898387.9
676207909.969
3.00773849001e+11
8.61401054352e+11
8.15012412385e+11
21.4807255831
1192.41419427
412.472006465
146.707995825
2.5897991949e+11
92751415845.0
46797.7296175
10.0078947387
1.03131162765e+11
45.2661056651
10.1293227836
10.0111650802
10.0000060188
4240176983.4
1151922.32526
10.0119172256
10.0000001074
164122587.694
826289582.121
10.0079457676
10.0000000057
15.8577986837
3.63520188544e+11
3121398.02293
345940207.706
69746.9470875
1370220.38321
72403574846.9
8.43285040498e+11
783800744.735
862.574633343
1.62145693481e+11
1201214751.93
7818513039.37
15295692526.3
13805794.3051
10.9192927349
8.0942265367e+11
289891170.32
10.0000000101
1595128231.42
76615.5036077
3.60987452377e+11
403659851.996
512981.099202
25725769240.0
2.83223333511e+11
1529489.38916
11.076912797
10.0633677632
2142583.76889
124996268.944
18.7579338642
340648.179399
17.5978723027
1.99355730546e+11
14499420313.7
107884.085826
11.7310402975
65.3947663892
40811915259.9
739636.927309
10.96280147
16.162959811
27.1549203219
3.18898814109e+12
16.264492432
10.154508292
8323.18741238
10.0000030854
7636.45351608
418.35595108
670892.241368
193569.344738
27.0689544744
1961828584.04
4.04580913007e+11
811567513.343
2323674.28913
16.8633003412
2175707808.99
178275.875108
545.773553224
5534.70482743
1075516.40425
19616348.4531
16.2764532197
2.22751160186e+12
321974.438929
66684.7222483
446591464.05
12.0737417735
10.0014060407
96.4048156042
11.3096327203
10.0541209024
10.000036126
10.0007204455
10.0023502212
25993845.3032
10.0000050812
58398956.6383
1377862.49392
10.0045879984
17.1538723697
5846518510.8
10.097522589
10.0000003685
47.846735034
1030.89078358
11.5385008818
10.1474860917
20380.4189694
330609901.226
16903942729.8
12.3132867973
10.0
14.0171709988
10.260078646
160.724058561
174178381.775
2488818.8922
95.6870238092
1.61177943299e+11
5052.91708091
1.47709784296e+11
28726829.1461
19.325551351
16.7193745171
40.8864888976
11443934761.3
51.7086822894
10.318705023
212625.963487
146182270.586
4636.833902
3.73186824217e+11
83226554.0602
1.47545137605e+12
11.1323412149
44.3331216913
10.0000001078
19042714834.2
567815941.388
10.0124459764
2256496038.55
7.8868865794e+11
7953240.69091
12.755984827
10.0904633363
10.2272382061
5283.81384888
240351.377846
1.27566248985e+11
25.2769891816
4658219226.01
218771.024324
10.0086840551
6455.60389519
297.215676981
5702.84664009
94331054.6458
10.0082197327
10.0008357989
10.1272756397
39.9617689655
1338054443.48
35.2796854316
24.1049898758
2045.91467754
51.044815115
30.9220530649
8616.21704595
84667.8663434
57327584837.1
3844604419.9
183.476489675
10.0003052117
229.759838857
13.265569254
94500036724.8
1082704699.16
10.5307235205
15205416363.8
10.0179958941
10.0053251076
10.0
28240.55811
16805589076.8
11.0454160824
801802638.725
604.996175047
10.0348034292
161761599.37
14.4232606153
1.76164329684e+12
1384044.30975
10.1760125788
436629978.998
75445937.1184
14.0974584148
10.6669611652
1423531150.92
19.7910155046
14.8354462263
10.0724816117
1570222368.94
19.6760608332
10.0615287657
10.0001790275
10.9180412653
11612611982.1
197188432.13
150781.855278
10.0
30232379.0582
10.0000000033
535405992.435
522.938804419
10.0005856979
19.1200164361
4576832989.37
10647260.7511
30.8925263144
17576597635.3
25.4128710337
39.4606544874
4.43177517306e+11
10.0187009522
10.2216642106
10.0000035745
64.5582591951
10.8389888951
41407567.2822
5765672162.78
3864466.20755
10.4351269953
10.0000308968
6.52943124822e+11
173940868.717
19.9322151059
7.31817655183e+11
12.5408643319
47.6210137747
68614.108922
10.2165788625
203642512.732
10.0405604568
6006863785.9
1873793701.5
116975680.815
10.3862734097
5363.71195157
15.755119204
10.5368811535
26853603.226
49.3862512562
117.324530389
4811864.22319
17.3651101885
1741.65177734
8.6471452959e+11
4537486.49391
37.6080884291
10.0053132703
399.978734891
6.65969192517e+11
31.7450711444
5212.8681017
1139443764.85
52521761.4005
405634136.577
78521426260.9
1542966.2599
39782.1102876
52548.0553989
11.9259297109
1312.02044526
29564148.7256
12731098.4265
12.5051166938
11.2609075548
36763369.9258
21010.2051195
10.000000009
25790369209.6
2750349.19498
26969.9449601
91.9804994034
11.9604883671
10.3276970599
3562842.25929
1375796.71392
14.5207385487
320840906.22
10.582708511
11002.3053788
492916938.307
10.0
19.5068204791
11.7674288786
1518.71081889
12.8463728925
161123.945095
10.0061080967
289.275257444
7.44920077875e+11
93.5535699248
10.0016189728
10.0783886829
61221.9495982
10.0002580212
10.0016932998
3269156058.48
10.0000012983
3.94434198913e+11
34016379.4567
22.042665179
10.0203446589
2814.48327722
10.0052954352
10.4670789486
10.0016723827
16525267630.4
13.353560492
10.1516404109
10.0091536207
3265033.66133
34220031.6414
10.0167726375
51357752.5111
1.20656961981e+12
43.3437263241
12.4240796916
71835929.353
28.3344258831
3398981526.97
8690.54015783
2195414824.95
76255.8110898
14.9289411908
10.2003572218
12.3776666759
2576559.87742
1810.34721025
10.4593325194
10.0000196204
7944.01429899
1.12477951047e+12
13.1958191114
2229661.67103
21.6742195456
55065.2503607
11.6295731704
1.78747007386e+11
4583351.41037
19.0526096333
5681704.59014
536.890263003
875441.61547
113728319.213
10.0058089809
3859.67713234
10.0654599366
11045495931.2
10.0
10.0394464658
12.2498374071
10.0021507944
10.0000230244
59166.4602108
12.381082085
15.6850844375
23231895233.3
10.0398993702
1112.60489295
126139035.907
10.424559277
9.40289001849e+11
64007598432.5
268.664762921
10.0025675497
11.3143080254
10.5272666172
51101280.8394
1322.49823031
13509589555.8
10.0036624659
10.5022378371
17036607775.2
240634.152491
3.42297160226e+11
20.6648474585
10.0168028806
31992197.6161
1.3566647294e+12
10.0138907373
29058.6134646
20.1412913311
17502550.2742
3.32137038912e+11
382.026073014
1.63606349897e+12
10968438083.7
2412606.20789
9487534.62151
14491572253.4
10.0002267977
79123841.5653
10.0161745544
10.0095543095
667729091.237
12.6773772052
10.1901353434
10.1074047531
17.2108750177
1287681.43314
8248352.04182
2721342.90016
10.642027476
10.0000539277
206.305333754
23965477.0823
45.1573735241
17322899.986
473317.091974
1.31696968805e+11
24059.3992186
214.131381653
24455072928.1
84.9859636192
3985180367.34
10.0166935039
15.6135889806
18671848.0223
6.41330226706e+11
10.0406564676
998.514218062
19.1785423136
12.597811719
10.0431877857
16.0326375096
66.4637425917
7.24212501747e+11
7253114.25954
41114365.7848
2235.22145416
20468.7586176
11.9083636574
3053.81372454
23463.5381105
3769206.58533
620810251.098
10.000018656
10.0049285677
10.000060695
564801.84937
16736.3133432
396839839.474
1072.27815226
552.730639928
92843578.3288
20.2384177206
4.14300514378e+11
10.8540636685
21708.6263938
10.0008313775
4.93849693306e+11
10.000002785
3923751884.91
605.592737402
3.42319837065e+11
76072407826.2
20273777168.9
10.4806346081
54258623496.7
28.9374363963
245175755.449
2615620.72835
622.807485972
24557878.3572
10.0
4038.60445915
6.37303172211e+11
28.2203739974
5832504.06146
10.0003108337
201.086982565
10.0
778307.076423
1.68840581477e+11
1.20669296737e+11
4.28435267283e+11
1842311.19601
4.30936429455e+11
10.0000045501
10.1015885625
3.28121057225e+11
12.1259897659
12.5537067349
570123.300122
12.5846918387
10.0000070749
7679725.56419
10.0008339908
14.0880235791
11.7383541332
10.2170076944
5189595211.96
15439027.0796
65801.23416
91525758291.8
10.000785288
162.254237322
10.0000016706
11.5088007181
32707683.3134
11.0513210675
10.030852368
8591.38045087
10.0000052549
10.0010645241
16.2214716822
2.51583149947e+12
20.9638378029
104593661.614
10.0110833453
2.63383474569e+11
10.0018985038
7669798585.14
13.2636629572
259189594.662
10.0
11121161378.7
10.0000000376
1.03880343961e+11
10.7826687432
106.742204116
10.0071823286
27461194.094
16.1609938677
10.1894423431
9878326858.34
129.544848441
2662384595.15
24.8938627408
134893.174262
125.330986773
78.7232639476
26.5757015112
5673838689.29
347.00806818
357408484.985
571895.46844
18.8176388558
10.0721667116
929139356.707
52590.9843459
10.1214413249
1.53735513298e+12
30.9216174603
84.0047833035
308.147366957
63.7729072541
4176578.88438
3628323987.76
590236437.978
1628.53193466
1751.67833984
10762.2704363
3766506343.4
5144753.0619
1261470001.08
110108990.286
10.0014605043
14.1589253591
10.000582072
5219321.70785
96.0826420182
2.73767766644e+11
11.458812462
26639.7094219
620.192533353
1.0489078522e+11
32.3936011859
103709597.746
10.0014209168
10.0056572924
20.7496442857
2.86429470546e+12
32547861423.3
10.003641376
10.3034215444
10.5555161727
218016.225278
2462770.2698
3531686.67924
9872755230.84
14.797166936
10.0019804972
5476694410.7
10.7840447685
10.1067560986
590522365.549
10.2950878243
3.10370823526e+11
46.8270464368
3911366521.59
11.4362124854
2145.01942321
13797.2523412
1032.7371391
1.25790385968e+12
368.661126288
1838778.72302
39995196543.4
3.44262097872e+11
7750401931.96
14.148788217
10.0455673675
11900.1640904
12.8453803365
3522155.63214
11.7622113875
5382053008.19
10.0003711299
15711.2523774
215.474398624
60.7624950273
12184396.6999
13.6288213319
10.0000135075
12576262003.3
10.0001370105
4.70652133269e+11
656668.536435
10.0334567121
92.5810221841
2819535734.36
10.0272562658
10.0201422411
9990842.05824
10.0001722711
17.0729670347
2017.54448057
19.1858229701
16.8945389832
10.7948094987
70.2369140658
1.96307397851e+11
94411507.6843
99094431590.4
277720616.372
1016104812.4
13.9109066423
10.0000537612
4.04608451793e+11
17.9540786712
3163138572.69
53439873.8174
10.0165664879
4014.48475911
590.840049946
10.0015776681
10.0369121556
17.076810577
10.0000342178
890.524346549
36847717.13
960117582.043
113.451122519
10.1215017962
187.18557925
20.7932294898
10.0146176538
2.54808107825e+11
5160633.92333
249834575.451
4180.52411493
3804.59673711
10.0000001491
16126930.1533
10.0
10.0000000021
25.261848748
11.2354055017
10.0002445323
33965.0342371
10.0024598862
5818.62338975
35927639.2858
10.0237087628
10.1816708365
20.5883300654
14.1972683073
55108202561.4
5739488773.27
467302762.113
10.0000000066
1452.51928841
2.59106718803e+11
1241.88051834
13.9260210124
10.0000000045
28.7366735957
10.0007801883
57999.0102581
10.0006349659
7.1264982875e+11
1519970.81019
10171.9016102
879.434361604
92154271.6884
10.2519178912
13545291.6715
228.622000362
87.7486474571
11.126845025
27915367.6438
10.0710243261
32.6832949079
487.63704088
9.93133585949e+11
1614728536.41
782410.848685
10.0057078704
412026.365099
9386.08619842
17199813.3586
10.0413662591
50236958404.4
10.0000027068
1.94005135111e+12
10.0003491025
68.7630990657
10.0002233265
236.79181168
17036981.3593
1227.87558197
10.0000000393
21.605944916
10.0000589084
5.11177687808e+11
10.010376169
11.9259625836
10.0756905167
37458.4503398
7.01851093597e+11
15664534.0685
60.3627374596
10.8607764401
50902399003.7
881.56400685
62160447245.4
10.0005392209
10.0035343326
52873160223.8
579472878.253
10.0011179843
10.0425654349
25294307.555
9925.75979286
225164300.959
251.738846125
1781024.52265
18683423.1216
36.8764694035
10.139086541
10.0682742267
10.0133695851
16.979022756
14105.8838888
1163.20368272
3353.76004258
11.4075405683
10.4137372498
10.135517569
11.2050332807
225461.747817
1108914.49732
69345488.4468
29.2534451642
10.0000087987
10.1183061959
10.880170243
10.0005193959
59.83733177
10.9523947869
10.0000157282
27.6971063467
334.426288636
1155805.26166
142431.626773
12.4019321255
3880435.03072
10.0515623653
10.0515162721
10.0084837982
10.0866723376
565.288845562
55395180944.2
63369.0227622
10.7624199745
10.6579074026
1474135.18054
1934.86046515
203.345829986
3008655631.23
2.49106688164e+12
10.0007389431
10.0009704487
8148.10650321
10.0227935977