10.0
10.0691638635
11.4298346518
121.361183797
40.0448072836
10.0191991999
10.0025672484
11.2828285599
10.0025187195
3762159793.84
1913931.166
1.99461466027e+12
10.0000220378
775352.993298
247.156888655
85916137.816
17378596148.0
10.2434911668
1228780.41725
67128594.0817
291.834037151
37966362.3715
10.0101263354
10.0390293545
10.4656188915
2258258.10496
10.6345790434
96062.5747509
3604398509.32
19.5270925856
10.0008476098
4.05017059481e+11
3796260.23772
41462104657.8
10.0135204819
10.0019864619
2092249209.22
21751183192.5
2832626.96943
5.89438999856e+11
96358561622.6
11.1840629491
5855.84159244
4357281.07307
2.11914609123e+12
62126.0520455
82353595.1688
10.1451253828
70883582.547
555994657.814
13.7782233713
700643311.094
198005.778385
10.0000091061
1.35273058432e+11
1021905.8036
10221.8148502
10.240526369
48102.4756732
16377.4310575
31577568984.3
10.3388469016
67200.8303049
2315.92370358
1137478.87349
262.43312416
101.37232316
5.24786423688e+12
121449279.414
26.1872897885
165383515.93
4022.70770762
13.0796857193
732062.524029
207.945383578
4.43312952237e+11
48.7348489062
190073.545023
10.076271515
52762469804.0
255.812351216
90388.4747817
161088.026362
96822279052.4
10.5312762002
386183.729038
85.8620312727
10.0011760695
22213.0207664
10.0000207846
10.0010169947
5496739.1944
8226101.29992
10.6829628117
25.8653571024
18038400.7001
39189.5477378
2.37733995221e+12
10.0003116874
11.1606736676
2611.36752208
10.0669491152
1.79981794843e+12
10.9192221994
10.0000003064
20736564.6064
1040707798.42
10.0018835442
150054.215473
1.53226709478e+12
10.0225268394
199748.327191
12.1631903418
5297566810.12
10.2607739339
7.61261427118e+11
2647.3184602
7.2520309146e+11
10.0645671254
2.64215396296e+11
4.04325427032e+12
191.557283689
53003097.5525
10.0202995945
7.08190047424e+11
32871107511.1
26.0223019045
10.0000000014
3141855561.82
15361.2012627
8185649066.09
3.32750112362e+11
11.6327142249
18.4010660985
10.1278235211
5.09638775876e+11
10.5908751768
16.4332953429
10.0148763623
1.4491135501e+12
89.3280554398
1155.54130881
10.0000043827
10.0006153989
10.0
10060340649.9
10.0000025877
25.259266531
4806121.74987
2652.11048955
11.4873384342
133169.361751
9.31880320638e+11
10.8152383879
10.0880266463
2.61016297079e+11
32.4188259515
13.3876036315
46693.3026031
10.0000099953
14.7316559917
103988.300836
108041.737487
4244161046.15
23.0478891885
10.0005635324
30.6015071983
10.3288051876
763431208.273
15.37332433
1146.36528032
3.15907378367e+11
10.0807810444
734806.767605
10.0110962369
28925581.8291
15.569851289
610177.774647
21.0120646067
104752.171534
44571647.7306
3.5368562213e+12
87876559160.9
1204644834.99
5.42469261505e+11
1.55535614918e+12
1.47151549002e+12
23.4531636405
1728.06878171
566.802578894
189.001385978
4.6700858332e+11
1.67033527861e+11
76115.4547292
10.0088819315
1.85753498513e+11
53.1378773866
10.1455817532
10.0125614161
10.0000067711
7592845278.64
1969773.17259
10.0134076773
10.0000001209
290818421.488
1472969401.97
10.0089393436
10.0000000064
16.7503323399
6.55779271595e+11
5391886.50923
614830064.783
114366.1738
2347536.39738
1.30343488343e+11
1.52261364989e+12
1396991227.41
1231.45666963
2.9222233187e+11
2143792637.98
14019820488.6
27464608034.2
24133023.9487
11.0388017057
1.46141308933e+12
514869194.871
10.0000000114
2849148996.09
125857.281926
6.5120516102e+11
717822240.249
868627.119843
46236208820.3
5.10779722437e+11
2623488.41038
11.2178011096
10.0713112671
3687815.95811
221222093.134
20.185444565
573597.894218
18.8053083222
3.59376488107e+11
26032188157.2
178349.833451
11.9632721464
79.2360733144
73406625996.3
1258237.09275
11.0881867763
17.1093219404
30.3710552365
5.76484692213e+12
17.2289000287
10.1739553416
12958.2252075
10.0000034711
11858.094631
575.342469249
1139920.23806
323177.042613
30.2652957693
3506146448.57
7.29938831797e+11
1446642339.91
4002698.61817
17.9354815985
3889473797.85
297250.460785
761.462137447
8507.51951574
1837698.93542
34370463.0683
17.2429910355
4.02554274817e+12
541716.950719
109248.668776
794456205.363
12.3554512794
10.0015818069
120.461159469
11.4825410907
10.0609024579
10.0000406417
10.0008105041
10.0026440299
45625167.5215
10.0000057164
102973849.32
2360771.15183
10.0051616166
18.2791625365
10477067230.0
10.1097662155
10.0000004145
56.4451120466
1484.13620553
11.7434168205
10.1660435377
32519.4738554
587483821.08
30358051306.7
12.630217353
10.0
14.5987502441
10.2929652973
208.362870958
308715409.22
4290023.10884
119.49626496
2.90476005927e+11
7743.69073951
2.66173631985e+11
50452666.0922
20.863489035
17.7654443175
47.5565084681
20536889560.2
61.4178565715
10.3591077848
355519.681732
258898532.492
7085.58546662
6.73237450541e+11
147015109.164
2.66545346376e+12
11.2808071621
51.9454757795
10.0000001212
34206622140.9
1010953893.26
10.0140025943
4034289437.7
1.4239409481e+12
13846886.8358
13.1393425083
10.1018171309
10.2559309961
8109.52633565
402639.103913
2.29830599211e+11
28.0670132564
8343275671.55
365956.966068
10.0097699861
9972.23333507
400.753834974
8774.51211355
166731478.981
10.0092475792
10.0009402777
10.1432757826
46.3834586101
2388768368.41
40.4758512826
26.6360532456
3033.54758075
60.561133893
35.0306522035
13428.3305369
139349.029953
1.03167321989e+11
6882883363.9
239.985817891
10.0003433637
304.93212981
13.7274618443
1.70187018121e+11
1931686091.1
10.5986176724
27302203567.6
10.0202472014
10.0059909056
10.0
45418.7099478
30181088074.5
11.1820121851
1429180775.95
848.633390981
10.0391606624
286616954.457
15.0713311896
3.18297668102e+12
2371477.40689
10.1981872768
776672707.992
133206532.58
14.692084311
10.752773072
2541822996.56
21.420794463
15.5522616016
10.0815712845
2804538233.46
21.2830519753
10.0692411075
10.0002014061
11.0373814963
20840198965.9
349681070.721
250715.656345
10.0
53113014.0533
10.0000000037
953058034.095
727.954934433
10.0006589121
20.617766466
8197168109.12
18577644.0949
34.9939489545
31568370602.0
28.23327466
45.7486028402
7.99654412987e+11
10.0210405371
10.2496463513
10.0000040213
78.1391849316
10.9477026666
72877674.0677
10331866157.9
6688316.62404
10.4905658979
10.0000347589
1.17863267925e+12
308292648.688
21.5900785191
1.32116348338e+12
12.891729562
56.155319711
112472.585186
10.2439129507
361174521.296
10.0456397538
10765060307.6
3348391469.28
206964463.38
10.4353849647
8236.21738509
16.6296802012
10.6055809179
47143573.653
58.4241761308
148.76087247
8343789.07884
18.5293338816
2565.53759789
1.56134491699e+12
7864089.60341
43.4068447848
10.0059775879
548.688172668
1.20217054705e+12
36.0547931367
7997.07304175
2033229592.62
92558813.1136
721345877.646
1.4137368034e+11
2646850.34623
64479.0201726
85675.6817977
12.1861657026
1909.47689934
51932151.9201
22241890.0352
12.850621373
11.4270674834
64660389.9128
33549.8424184
10.0000000101
46352514158.0
4745341.26377
43328.2281918
114.520864022
12.225726943
10.3692559404
6161833.59384
2357193.5311
15.1849539261
570059882.197
10.6574165552
17269.3696252
877172343.288
10.0
21.0803886475
12.0048625867
2224.30920614
13.2435015759
268207.903095
10.0068718186
389.41378964
1.34484163809e+12
116.630981212
10.0018213592
10.0882217315
100128.810703
10.0002902743
10.0019049784
5850350481.34
10.0000014606
7.11612214968e+11
59802178.4806
24.1321211203
10.0228900677
4225.01538487
10.0059575223
10.5266700099
10.0018814462
29676727329.1
13.82923164
10.1707240786
10.0102982944
5642326.73718
60162288.0033
10.0188707987
90496639.5314
2.17930369636e+12
50.682950841
12.7574738758
126801620.589
31.8248105328
6083267706.6
13547.6279933
3924798223.4
125255.106386
15.6615216187
10.2256260007
12.7041507427
4442738.94423
2670.98493162
10.5179159283
10.0000220729
12350.5144102
2.03143996473e+12
13.6468345064
3839202.93797
23.6867839068
89866.2696368
11.8473658563
3.22181441993e+11
7944262.4986
20.5372294308
9865726.30257
748.41979385
1492279.22357
201192879.02
10.0065352933
5860.81979564
10.0736664729
19820460459.8
10.0
10.0443860138
12.5573886192
10.0024196697
10.0000259025
96700.5820904
12.708074
16.5474275015
41746589399.1
10.0448957328
1607.37945057
223253788.958
10.4786273113
1.69794311788e+12
1.15207822765e+11
360.050318497
10.0028885305
11.4878651507
10.5947086736
90042298.0279
1925.39737342
24251749182.1
10.0041203496
10.5664104053
30596751975.6
403120.040488
6.17451535947e+11
22.4700642344
10.0189048278
56223465.9299
2.45067265057e+12
10.0156281642
46765.5617811
21.840928495
30644038.7056
5.99103659224e+11
522.702858733
2.95588106303e+12
19681908361.7
4157406.4458
16540133.672
26018070831.8
10.0002551477
139733181.897
10.0181978444
10.0107491115
1189490366.89
13.0488154676
10.2141041781
10.1208949762
18.3466446843
2204635.73585
14364685.8426
4694825.02647
10.7245455446
10.0000606687
271.925563581
42043897.1626
52.9988205598
30327438.3639
800611.600132
2.37282770912e+11
38546.8664204
282.918485014
43948543111.7
105.165889216
7135169144.83
10.0187817584
16.4634935407
32705123.1753
1.1576487287e+12
10.0457478097
1435.40305707
20.6877125907
12.9572395107
10.0485967336
16.9559362962
80.6391421474
1.30741993216e+12
12618939.2388
72358763.8144
3325.89388316
32663.9648851
12.1660610733
4598.21918498
37569.3376669
6522008.48919
1105640440.23
10.000020988
10.0055447753
10.0000682819
957571.993638
26570.861898
705650504.086
1546.51458712
771.682718236
164089869.18
21.9575368738
7.47494417438e+11
10.9647988981
34693.222698
10.0009353035
8.91190089093e+11
10.0000031332
7024923808.69
849.513354454
6.17492488003e+11
1.36958088199e+11
36422135594.2
10.5419905269
97636203725.7
32.5699021223
435164587.745
4510738.51908
874.921348855
43089685.2928
10.0
6142.24126255
1.1503721115e+12
31.6840262987
10129741.5279
10.0003496885
264.607496825
10.0
1324840.84404
3.04303703523e+11
2.17388512927e+11
7.73025352003e+11
3166177.84798
7.77543165063e+11
10.0000051189
10.1143449642
5.9185145931e+11
12.4153373367
12.9065004744
966710.658878
12.9421444374
10.0000079593
13367086.4847
10.0009382435
14.6811137615
11.9716305194
10.24439642
9297337642.01
27008560.4242
107772.890581
1.64823199308e+11
10.0008834524
210.48239818
10.0000018795
11.7095344792
57488311.2903
11.1887211121
10.0347142621
13388.4703129
10.0000059118
10.0011975959
17.1782249636
4.54706337369e+12
22.829960161
184961095.932
10.0124694541
4.74958846813e+11
10.002135837
13752588541.1
13.7252577396
460139414.603
10.0
19956510544.7
10.0000000423
1.87104741071e+11
10.8838509277
134.40399903
10.0080804098
48216775.6962
17.1070072529
10.2133230888
17722038544.4
165.433981076
4762020717.9
27.5986230672
223874.052081
159.673977922
96.8304054555
29.6589948704
10166936646.1
472.179196371
635289638.819
969754.245748
20.2566820711
10.0812167668
1656925526.83
85747.1218538
10.1367040727
2.77738845693e+12
35.0301107051
103.857333486
416.389529146
77.1102328979
7233415.82505
6494769978.23
1051010419.21
2392.20254019
2580.91990426
16882.0183071
6742731876.23
8926034.22565
2251656049.64
194760919.806
10.0016430793
14.7635728876
10.0006548329
9056495.35852
120.028021985
4.93707369617e+11
11.6525263535
42785.2086255
871.059945095
1.88927216789e+11
36.8632588547
183390440.79
10.0015985428
10.006364634
22.5720898642
5.17743013422e+12
58520768781.3
10.0040966226
10.3418613031
10.6266564341
364674.752471
4244692.65204
6107469.52587
17712022426.5
15.5075458455
10.0022280815
9812889704.39
10.8854105764
10.1201644631
1051521285.87
10.332458274
5.59798511875e+11
55.1367613851
7002696281.75
11.626760563
3186.49248706
21792.6768685
1486.91706307
2.2721121156e+12
503.393832525
3160045.09508
71935291871.6
6.21000022363e+11
13897427337.7
14.7517809943
10.0512749482
18719.9371783
13.2423574224
6090839.28104
11.9988984767
9642933754.13
10.0004175219
24902.1629967
284.807066536
73.1739672506
21280204.6497
14.1479994946
10.0000151959
22573135688.7
10.0001541369
8.49284224575e+11
1115454.43667
10.0376450896
115.326145998
5043847958.67
10.0306674736
10.0226623016
17424217.8166
10.0001938052
18.1834175228
2989.80800145
20.6964152259
17.972404757
10.8976124782
85.6032870179
3.53874530177e+11
166874360.196
1.78472943125e+11
493171187.722
1812512021.41
14.4752942585
10.0000604814
7.29988571918e+11
19.2282662583
5660160651.96
94185493.0068
10.0186388416
6104.28446864
827.762908317
10.0017748906
10.0415338286
18.1879651394
10.0000384951
1273.29527515
64809590.1959
1712343398.93
143.496644906
10.136772185
245.161630627
22.6245444017
10.0164460618
4.5947683866e+11
8953817.43265
443466825.152
6365.70469581
5774.26096459
10.0000001678
28220220.5442
10.0
10.0000000023
28.0484923216
11.398042701
10.0002750992
54857.6545834
10.002767406
8958.47367401
63182167.0077
10.0266755172
10.2045640878
22.3780307955
14.8081818623
99167341596.6
10284841261.8
831434207.197
10.0000000075
2123.31407497
4.67237507373e+11
1803.02000701
14.492848533
10.000000005
32.3216978834
10.0008777152
94754.3163376
10.0007143389
1.28652484085e+12
2606989.16503
15930.1741085
1256.68830991
162865784.852
10.2837612777
23674541.1434
303.326776303
108.855394001
11.2745582156
49019069.1295
10.0799306667
37.2247998706
676.277640677
1.79346330656e+12
2884257712.35
1331910.92369
10.0064215374
695633.4792
14665.2110555
30110531.0951
10.0465466519
90388658612.8
10.0000030451
3.50562662469e+12
10.000392741
83.662139807
10.0002512425
314.862241563
29823595.9935
1781.78876465
10.0000000442
23.6043305043
10.0000662719
9.22493890885e+11
10.0116737955
12.1862033287
10.0851839662
60632.4882957
1.26701053775e+12
27405732.6785
72.6522329811
10.972412572
91587816094.0
1259.87678149
1.11878229798e+11
10.0006066251
10.0039761944
95139344529.3
1031779673.72
10.0012577394
10.0478962895
44389906.5984
15533.6949591
399509210.348
336.01820612
3059791.49805
32725529.7209
42.4843735446
10.1565806114
10.0768346584
10.0150417882
18.0722924878
22293.4841634
1683.86110946
5067.15977091
11.594079383
10.4664026687
10.1525600473
11.3634833836
377325.21255
1895420.29634
122383816.301
32.9608609202
10.0000098986
10.1331728529
10.9944117571
10.0005843219
71.966866051
11.0763728052
10.0000176942
31.0386937713
454.082606942
1976487.32624
236604.094474
12.7320265373
6716198.52701
10.0580225871
10.0579707057
10.0095446777
10.0975484986
790.145502028
99684549800.5
103711.765475
10.8609023317
10.7425225189
2527551.39906
2862.44451874
267.774044281
5383049924.36
4.50226669921e+12
10.0008313141
10.0010917601
12677.533269
10.0256457173