10.0
10.0153368018
10.3046319695
19.5812298429
14.09528872
10.0042639432
10.0005704541
10.2744427101
10.0005596716
2622385.56517
3872.40993747
1050933743.65
10.0000048973
1978.62328252
24.8589746889
86944.8603485
11005788.8453
10.053704711
2775.40247842
70238.8177969
26.3704110147
43138.4005545
10.0022495882
10.0086626813
10.1020095899
4393.04695744
10.1383276772
475.01457247
2520091.0686
11.6957977269
10.0001883528
223796275.812
6567.88967581
25109568.0585
10.0030032886
10.0004414087
1523539.15075
13608569.4627
5229.71779257
321740869.298
56191066.0572
10.2540231985
95.9053996374
7318.59085946
1114764850.13
361.264272683
83810.6166338
10.032105638
73615.0484377
454617.023161
10.7575141731
560365.798349
762.432714654
10.0000020236
77800204.4269
2421.41294461
127.960715595
10.0530555923
308.900941074
165.280788389
19380154.9147
10.0745201227
379.282391674
61.3889821711
2620.84731494
25.3905546119
18.4987688275
2699568261.23
117539.793064
12.5924182558
154134.160286
79.650999608
10.6281302741
1897.89933988
23.4104758053
244221179.84
14.8853726451
741.854950796
10.0169091764
31593323.2211
25.1621905891
456.954753757
664.589811947
56450135.055
10.116165602
1204.29001288
17.5747466751
10.0002613392
196.151156862
10.0000046188
10.0002259917
8795.20765503
12147.9286256
10.1486617588
12.5524494674
23100.7268947
273.091380276
1246845600.9
10.0000692632
10.2491711967
64.8826601954
10.0148467079
950903258.297
10.1987109029
10.0000000681
25939.1826787
802988.163614
10.0004185409
634.205489992
813099838.038
10.0050024603
766.923646775
10.4517584991
3606511.47272
10.0574863117
412237499.083
65.2958694238
393294964.638
10.0143195309
148171502.349
2092715408.5
22.7627601901
57333.7602373
10.0045081753
384349071.946
20133680.9739
12.5719713023
10.0000000003
2218598.98246
159.52939602
5418060.19464
185098465.43
10.3459036125
11.5267680373
10.0282930622
279481852.932
10.1289680477
11.2156502487
10.0033043295
770160975.268
17.7887835673
45.1786074344
10.0000009739
10.0001367527
10.0
6575229.30169
10.000000575
12.4763908974
7907.20270723
65.3507650613
10.3163756102
586.482161606
501573876.203
10.1767665735
10.0195081662
146441342.987
13.314885386
10.6856734021
303.390407236
10.0000022212
10.9277762609
499.730937779
512.16028945
2933424.97999
12.1892565037
10.0001252272
13.1133685562
10.07233373
605723.229134
11.0385996372
45.0261930288
176046257.916
10.0179064294
1903.04738256
10.0024649797
34278.7250528
11.0719755538
1664.56534469
11.9099533125
502.083753898
49443.9919169
1836552102.86
51444391.2744
917759.149876
296887792.823
825012745.008
781734470.31
12.2430728488
53.7970982199
33.810425166
22.659141357
256834142.594
95278699.5349
409.967552267
10.0019732174
105528891.276
15.2547513814
10.0322061474
10.0027903357
10.0000015047
5049452.82321
3957.99334874
10.0029782419
10.0000000269
254186.106091
1103325.23832
10.0019859686
10.0000000014
11.2672488242
356754172.204
8661.64472658
497861.684512
531.290235761
4525.49048216
75075930.2962
808117854.715
1051036.87117
46.4187847049
163292439.707
1558111.03941
8986336.88063
16975370.572
29442.6708917
10.2237869611
776515793.872
424174.866549
10.0000000025
2026452.62711
565.298378232
354343160.494
572805.348255
2149.28357601
27856266.4701
280087257.373
4929.08958719
10.261010975
10.0158119292
6420.62132304
199316.689325
11.7919106995
1592.5381582
11.5881503961
199382054.19
16134384.4561
711.015290358
10.4122065792
17.1517563147
43307995.3994
2824.75240375
10.2340939989
11.3249638667
13.0873156044
2959114046.42
11.344025088
10.0384495326
145.350389305
10.0000007714
138.540795234
34.0083323822
2625.0128517
1064.14405895
13.0753202956
2456251.06047
395784160.536
1085228.17767
6846.22552921
11.4550515834
2704754.9526
1004.54945652
38.0140260855
116.164746209
3754.78897828
39650.1577645
11.346265956
2083767681.73
1528.89785973
515.835175769
628029.867253
10.4894190359
10.0003514953
19.5346861656
10.3153972705
10.0135083227
10.0000090315
10.0001801075
10.0005875139
50438.8804878
10.0000012703
101769.922457
4545.04258486
10.0011468418
11.5080977289
6830911.64652
10.0243096974
10.0000000921
15.5208137776
50.3134208955
10.3682363433
10.036709692
244.534587972
477804.482251
18668573.7998
10.5426191567
10.0
10.9044550687
10.0645194865
23.4266185415
268094.512384
7229.51739334
19.4845768633
162350905.685
110.619046901
149230257.654
54963.9211022
11.8889451107
11.4285790654
14.7832944558
12888330.0759
15.9046445661
10.0789275326
1136.84818408
229187.547842
105.668748951
365952324.102
138968.890357
1393859493.8
10.2740259032
15.1565082265
10.0000000269
20910376.4471
782024.597582
10.0031103331
2798258.02239
757151030.896
18568.4155555
10.6393433312
10.0225547605
10.0564270396
113.300243589
1239.9411189
129540274.25
12.8201616844
5515837.17061
1159.95754482
10.0021704485
126.292844616
29.6192233346
118.05763385
155240.378876
10.0020544267
10.0002089445
10.0316982599
14.6802175695
1721724.6792
14.1366976353
12.6476491308
69.5928648465
15.839811581
13.5931995008
148.194989525
604.132796631
59990719.1673
4606005.3777
24.6035557261
10.0000763022
26.790538123
10.7482496328
97007874.6398
1415486.20261
10.1306279269
16880117.2229
10.004496547
10.0013310643
10.0
298.360498391
18565218.8286
10.2535980281
1073212.86818
39.7266093872
10.0086917901
250910.209555
10.986801212
1657090697.68
4560.84418562
10.0437730143
615251.914101
127445.677046
10.9208460503
10.1635211884
1823404.59949
11.9672900902
11.0689988266
10.0180811573
1997065.597
11.9480415243
10.0153538937
10.0000447566
10.2234901305
13068405.7829
299673.016862
894.146507059
10.0
57435.590449
10.0000000008
741103.971104
37.3310182072
10.0001464219
11.8540022475
5425208.79803
23672.4006495
13.5893742954
19374792.0516
12.8398645582
14.6238047343
432381057.061
10.0046726178
10.0550519665
10.0000008936
17.0798507951
10.2046986912
75399.8631608
6741881.89155
10285.733475
10.1073947547
10.0000077242
630064588.073
267766.801933
11.9908448564
703974868.93
10.5925951499
15.4978622804
525.594999102
10.0537970477
308473.945906
10.010127803
7007314.59895
2353526.24027
187894.273535
10.0954724733
114.217830782
11.2476829438
10.1321201035
51867.9952268
15.6757899384
20.9175520776
12288.058211
11.5463324607
64.3523421131
828102000.08
11714.8987872
14.4117132622
10.0013281059
33.3857474019
642284523.735
13.6990036627
112.481140888
1483885.54681
92752.1850279
575354.047054
81167096.2582
4962.88470395
369.672330697
441.700744307
10.4562781907
56.2470097718
56340.3057833
27500.7112036
10.5847808086
10.3040659273
68008.1075927
249.063448289
10.0000000023
27923036.6163
7828.06113818
290.012175928
19.2226186278
10.4640483418
10.0811330781
9633.01015029
4539.75929488
11.0063637031
464986.644377
10.1432090705
170.2242714
687190.967046
10.0
11.919584188
10.4204682611
60.2668866324
10.6588462463
936.212161476
10.0015267444
29.3037935601
716234204.192
19.3344616014
10.0004047235
10.0195512825
487.765929393
10.0000645048
10.0004233035
3956649.74076
10.0000003246
386148980.647
63588.8036886
12.3319999842
10.0050830639
81.5752911468
10.0013236485
10.1151742768
10.0004180747
18270508.3761
10.7668026853
10.0377390653
10.0022877771
8979.96263987
63917.7414984
10.0041910514
90954.2627666
1145569383.62
15.0510687033
10.5670171159
122060.805255
13.2497656571
4103632.70556
148.911030104
2727581.14701
563.538645042
11.0874559574
10.0497915062
10.556812182
7431.4282258
65.5665705848
10.1132895171
10.0000049051
141.61635491
1069818400.53
10.733490955
6626.00152427
12.2738429674
455.276238312
10.3890885429
179419891.756
11811.0637864
11.8424950488
14074.4010773
37.7499155718
3208.97297561
183249.787093
10.0014519922
95.9464738936
10.0163329618
12462510.6849
10.0
10.0098499715
10.5285880894
10.0005376639
10.0000057561
477.025521439
10.557563909
11.2342947002
25273578.8654
10.009962929
52.1032020059
200938.719132
10.104818635
898492169.592
66689118.1552
28.4648527758
10.000641838
10.3164830101
10.1297899881
90557.5572906
56.4569837145
15086291.3626
10.0009155159
10.123718199
18807946.528
1240.9777209
336537564.245
12.1115388475
10.0041986046
60307.2938187
1284299920.7
10.0034712383
303.674246207
12.0255460462
35986.7973497
326847983.451
32.7643514832
1541704373.34
12380081.8376
7053.17631224
21499.6519562
16126086.3909
10.000056699
132906.247414
10.0040416782
10.0023878931
907198.354151
10.6223155725
10.0472654993
10.0267651773
11.5184423261
4313.02396672
19137.8362131
7762.15384693
10.1575200591
10.0000134819
25.7128310103
47045.265638
15.2433598014
35673.0471145
2025.26164905
133584997.292
270.413113144
26.0788794286
26541569.9673
18.7126495901
4763847.88682
10.0041712878
11.2205910207
38019.5140092
619165550.273
10.0101517474
49.5872861502
11.8639742874
10.6050164596
10.0107829907
11.3003948053
17.2429267749
696856759.115
17205.4873692
74935.9381936
72.6924696487
245.172511712
10.4523235145
85.028577257
266.311425587
10080.4771302
848590.168841
10.000004664
10.0012319598
10.0000151737
2308.34296575
217.376838853
563993.973146
51.2273335512
38.2194884332
153071.695606
12.0415956063
405008077.154
10.2082884002
254.035650765
10.0002078392
480309247.05
10.0000006963
4694909.74548
39.7434599424
336559182.51
78730654.5561
22196137.9386
10.1184704543
56904752.6237
13.331335191
364596.345563
7520.94857896
40.2264906221
48039.7178711
10.0
98.2463739331
615384965.768
13.2342273933
14379.829939
10.0000777077
25.4649014459
10.0
2935.47235735
169801621.43
122778175.464
418412370.361
5700.97898453
420783119.646
10.0000011375
10.0253201683
323015898.22
10.5010758
10.5953992395
2324.5011232
10.602157721
10.0000017687
18038.0446476
10.0002084925
10.9189227517
10.4138683396
10.0539028857
6105701.75638
32357.8355779
511.340100646
94066069.3242
10.0001963174
23.5083120675
10.0000004177
10.3614149112
61469.7595411
10.2549887632
10.0077059651
147.955225315
10.0000013137
10.0002661225
11.3359571168
2346913074.35
12.1600834775
170119.173487
10.0027699156
261061971.676
10.0004745989
8824756.07033
10.7478468837
383353.846649
10.0
12543425.9563
10.0000000094
106267455.141
10.1912608868
20.2357206576
10.0017951954
52874.7888349
11.3245940998
10.0470941917
11211205.5867
21.6663721476
3265362.81502
12.7642803441
828.086936919
21.4124534581
18.2368116365
13.0060711043
6640680.39429
31.5109549354
512822.054219
2329.87525328
11.8021967841
10.0180027719
1229188.64628
441.933791399
10.030250454
1450880286.54
13.593143083
18.6393602583
30.0468849567
17.0118835768
10952.8844355
4362579.42633
810236.934824
62.3086036239
64.5307884957
168.088877322
4518188.19629
12976.9211646
1630288.82586
178059.117685
10.0003651101
10.9333575977
10.0001455155
13130.3068155
19.5122194504
271024477.843
10.3499100565
287.822711597
40.1535130519
107263319.021
13.781291632
168842.94682
10.0003552141
10.0014140831
12.1253475903
2664169405.92
34875813.8637
10.0009102446
10.075176194
10.1366327432
1157.12735921
7169.34838131
9565.1065687
11205217.4171
11.0614222618
10.0004950949
6423157.92057
10.1915897012
10.0266040464
810596.240038
10.073129273
306063709.677
15.4166519803
4681003.64897
10.3446988284
71.2294583192
194.031236674
50.3545285225
1193056193.87
32.2927091052
5692.3981352
42477590.9151
338410640.783
8912350.55262
10.9312963985
10.0113763079
178.074556776
10.6586325261
9544.31487283
10.4192846139
6318600.51416
10.0000927814
209.401183858
26.1410245067
16.7470697689
26504.8212775
10.8243794295
10.0000033769
14095086.3646
10.0000342525
458383656.23
2583.18337388
10.0083557983
19.2654329278
3445141.46799
10.006808503
10.0050325208
22446.7233975
10.0000430676
11.4933808763
69.1184420018
11.8652135804
11.4607799102
10.1941611719
17.5585773307
196433139.235
155357.58486
101546507.497
408035.440147
1334911.40188
10.8826754227
10.0000134403
395810302.665
11.6515269677
3836394.84117
94167.4101938
10.0041395655
97.9386515239
39.3245016822
10.0003943984
10.0092178408
11.4940809445
10.0000085544
47.0872602943
68143.2200476
1266917.94564
20.6718455735
10.0302654627
24.7882989502
12.1324325459
10.0036528122
252827037.023
13009.615129
370841.396637
100.043003343
95.2302993073
10.0000000373
33573.9046587
10.0
10.0000000005
12.8179625792
10.2981236046
10.0000611326
334.645270638
10.0006149262
119.349067491
66667.5467967
10.0059229804
10.0451726202
12.0990502499
10.9411460649
57759612.0963
6713035.42411
654531.644633
10.0000000017
59.0062677633
256955908.607
54.8225303948
10.8857791948
10.0000000011
13.3042858656
10.0001950425
470.878839712
10.0001587385
686031257.16
4905.18841845
162.76577778
46.8231462217
152065.614148
10.0625099878
28973.7782433
26.7395496961
18.9166334393
10.2727370944
53625.7068378
10.0177183952
13.8177492654
36.2473404784
947636048.475
2049560.5104
2947.15759416
10.0014267233
1829.14506118
155.511164495
35457.8523386
10.0103287601
52851822.6425
10.0000006767
1820730541.85
10.0000872747
17.4363944651
10.0000558312
27.102927054
35172.8790701
54.5340169647
10.0000000098
12.2630038264
10.0000147271
496670659.044
10.0025932352
10.4562855881
10.0188798392
355.876519213
675917315.598
32757.2139978
16.7113751753
10.209885933
53523174.0116
46.873978545
64839304.8421
10.000134803
10.0008834895
55509706.8297
796702.301648
10.0002794867
10.0106278018
49272.082743
160.515043928
337660.645507
27.7521208457
5551.69404753
38039.5573537
14.3263511506
10.0346276467
10.0170337271
10.0033410567
11.476241047
196.555369188
53.1829709436
89.2097736329
10.3380786582
10.1021789005
10.0337426719
10.2910359603
1184.94557039
3843.93400295
118330.61073
13.3736973501
10.0000021997
10.0294722539
10.2144980374
10.0001298469
16.6642659925
10.2316309254
10.000003932
13.1624771328
31.0459769165
3968.25164853
859.658582201
10.5621503084
10320.0642208
10.0128707076
10.0128592198
10.00212041
10.0216120107
38.5873792678
58048273.6819
498.877948652
10.1864193458
10.1613430676
4789.71640916
67.7199119729
25.5726104178
3660783.22729
2324335050.23
10.0001847317
10.0002426051
143.633886126
10.0056945077