10.0
10.0383772818
10.7754577714
46.4676202499
22.6518201739
10.010662585
10.001426184
10.6973737078
10.001399226
210088289.903
140882.548414
1.0431085673e+11
10.0000122432
60967.5955162
75.8150582584
5258934.96603
948590560.493
10.1346941757
93299.7908257
4143895.32468
85.2626068337
2393633.47385
10.0056247296
10.0216679585
10.2565832832
164416.238865
10.348685422
9228.51173406
201425515.634
14.6635515392
10.0004708872
21414282505.5
267596.048054
2239486149.12
10.0075095745
10.001103551
118069312.933
1183866886.92
203267.74723
31077219769.9
5158834161.55
10.6447126727
848.385937931
304669.827206
1.10782751142e+11
6286.23474619
5048067.23097
10.0804186614
4367382.72918
32272248.9241
11.9792091383
40448801.5288
17596.7586702
10.000005059
7218947246.96
78659.1370481
1342.94558421
10.1330609922
5027.21520696
1994.13718669
1710938587.34
10.1871326763
6734.48016381
403.158284468
86858.0438556
79.0873416497
41.1966992129
2.72941383462e+11
7350729.7041
17.463089025
9915641.07827
625.736181912
11.6291370976
57827.3628675
67.1829548837
23422790609.7
25.6208646803
16961.9550519
10.0423158218
2842303362.83
77.6748123902
8744.55200181
14622.899908
5183417827.26
10.2924358313
32204.7883189
36.9122506989
10.0006533583
2582.89842387
10.000011547
10.0005649868
379314.50275
555546.602758
10.3749645378
17.33350592
1173135.72519
4207.58208359
1.24194990796e+11
10.0001731587
10.6322178204
443.226630891
10.0371498287
94183016192.4
10.5026884398
10.0000001702
1340349.22976
59557554.8148
10.0010463784
13723.5161115
80262979661.9
10.0125099043
17735.9322505
11.1598712566
294165582.806
10.1442111971
40062740713.1
448.048630996
38178175116.6
10.0358295802
14017668348.8
2.10585337597e+11
63.4605922737
3299766.24593
10.0112734867
37288806429.1
1780187829.49
17.3967424976
10.0000000008
175995178.564
1889.17218635
451501754.367
17620586055.6
10.882644568
14.1612437672
10.0708526962
26898800199.7
10.3249118294
13.2581064784
10.0082624616
75934145589.5
37.8867663903
235.167229399
10.0000024348
10.0003418846
10.0
553242428.511
10.0000014376
17.088139855
334168.24024
448.690542988
10.805905728
12336.0566449
48973264878.0
10.4465951468
10.0488274896
13849343756.0
19.8811434432
11.7842233977
4898.77148427
10.0000055529
12.4473605818
9900.16289587
10241.843428
236524932.087
16.1763649583
10.0003130704
19.1923278972
10.1816185851
43987678.7878
12.7566252485
233.741025976
16735665752.7
10.044814161
58026.77316
10.0061633607
1843569.35072
12.850464377
48918.4643709
15.3116404895
9964.6435278
2792818.46771
1.84347205356e+11
4708990795.27
68727236.8917
28618298256.4
81464729642.9
77100481923.7
16.3455004631
320.62740589
137.832122644
62.8731383511
24664990325.8
8896818411.19
7514.06429342
10.0049336276
9884617727.94
27.0644443476
10.080670904
10.0069770071
10.0000037617
419273880.461
144713.609233
10.0074469353
10.0000000671
17159903.4165
83691293.3482
10.0049655131
10.0000000035
13.4059626499
34548173570.0
372477.533184
35602414.4687
10772.6687055
170485.895098
6958269120.65
79760503848.0
79459105.4869
246.886184931
15490703092.6
120922668.897
767437042.886
1490561633.92
1549761.87308
10.5669627498
76574521738.6
29940456.6461
10.0000000063
159875016.753
11730.5673346
34308925457.3
41417611.3481
67696.6040322
2494323133.79
26958568752.8
189172.899894
10.6627198773
10.0395673198
260400.769895
13152056.3534
14.9528033191
46222.7044977
14.3427109134
19018932817.7
1413736399.33
16019.7174793
11.0558988782
35.018543684
3940723037.67
95371.9876466
10.5934358313
13.5722559951
19.1040812153
2.99681650235e+11
13.627387653
10.0963455017
1637.33106914
10.0000019284
1520.071238
139.359412859
87030.6815167
27391.5251977
19.0635128726
196027757.863
38425716858.4
82225222.1064
281266.333522
13.9505920793
217075481.915
25391.3475083
171.600767948
1153.20040652
135642.780184
2175420.40163
13.6338758931
2.0966792034e+11
43863.8115096
10343.3549383
45734311.2363
11.259301936
10.0008787569
46.2354914477
10.8033676031
10.0337981743
10.0000225787
10.0004502736
10.0014688365
2856310.70855
10.0000031758
6265477.31612
171384.631782
10.0028673017
14.1062618378
575826185.105
10.0608628662
10.0000002303
28.1258448399
284.974331175
10.9408559217
10.0919762964
3581.14877767
34055381.6547
1645626728.73
11.4004742786
10.0
12.3827360673
10.1619227299
67.2768245645
18186878.773
300237.706442
45.9861261511
15398883919.2
1066.99974614
14120696346.4
3146694.69385
15.2474889895
13.8732074857
25.2281226554
1118583929.0
29.6885957311
10.1982525306
29870.0997952
15324753.7272
991.767875414
35461228276.3
8845640.19726
1.39152775791e+11
10.6962975402
26.6770827037
10.0000000673
1851656584.56
57890719.4215
10.0077772839
225019346.018
74623440613.9
911500.526926
11.6592813564
10.0564631916
10.1415449325
1108.42691386
33452.0744282
12207682014.4
18.209883896
460066255.05
30666.353835
10.0054268278
1315.60819177
107.020982933
1183.07325735
9994044.95646
10.0051366998
10.0005223677
10.0793963191
24.8342751284
134470188.024
22.8033670552
17.6428814237
499.200252463
29.4220313903
20.8505310187
1687.03907322
12845.515706
5519701944.98
380635432.152
74.2625077091
10.0001907565
87.9664753884
11.9539788432
9063274255.09
109173712.601
10.3291260368
1481853419.88
10.0112444003
10.0033279265
10.0
4782.24626617
1636147267.33
10.6436174957
81252601.0184
186.130101542
10.0217408062
16918615.73
12.6116310362
1.66001017423e+11
172111.472504
10.1097198221
44733299.5378
8039103.65085
12.4281399547
10.4128073171
142923533.558
15.4873615743
12.8420819219
10.0452519237
157416120.224
15.4282665362
10.0384200901
10.0001118919
10.5662008251
1134894152.81
20532883.421
21767.0096857
10.0
3306358.1987
10.0000000021
54644859.0428
165.928166942
10.000366058
15.1410628122
452127698.88
1206621.79908
20.8370662061
1710446056.93
18.2751634984
24.6198943239
42068742424.0
10.0116848194
10.1380842749
10.000002234
34.7009049435
10.518019148
4485929.11737
567958489.768
456631.42151
10.2702150823
10.0000193105
61843533630.5
18162634.8812
15.5598194349
69270615741.4
11.5338519493
28.0335763079
10614.0181443
10.1349265052
21190005.126
10.0253348918
591427285.623
187356542.364
12327723.0679
10.2400471329
1122.71192543
13.3498059369
10.332915173
2947741.80909
28.7523584513
53.3381388294
563082.600373
14.2189658437
437.06342805
81776420153.9
532337.125622
23.8213194942
10.0033205293
134.576282932
63070387362.2
21.2245195325
1095.72115047
114800754.24
5651490.08673
41616273.9989
7541449956.73
190750.131491
6494.49983299
8340.43742832
11.1717819112
346.555415475
3235517.70245
1433298.16987
11.512948192
10.7739912187
3996801.6081
3678.7731629
10.0000000056
2500528267.9
330181.384226
4590.38253851
44.6917640357
11.1922725664
10.2038192842
422551.674294
171141.711143
12.6662986563
33068953.9948
10.3610946155
2085.5964676
50385086.7533
10.0
15.3410914674
11.0775785512
390.560897815
11.7117995154
23134.97637
10.0038172107
104.824484659
70504009862.7
45.2424874341
10.0010118334
10.0489355329
9573.70526244
10.0001612627
10.0010582855
324350169.373
10.0000008115
37467712814.9
3706796.87063
16.6267594832
10.0127115352
650.969831976
10.0033093842
10.2899231777
10.0010452129
1609126963.88
12.0045299791
10.0945612186
10.0057202278
388797.958482
3728315.8671
10.0104802632
5529708.0675
1.13908431718e+11
26.26409513
11.4654963847
7664303.43855
19.6573482547
337057264.477
1699.61742447
219013574.98
11680.5680738
12.894098626
10.1248504603
11.4382782254
310296.674604
451.216972528
10.2851467987
10.0000122627
1572.7247313
1.06224878112e+11
11.9138382544
270442.558921
16.44257009
8699.87251497
10.9953417866
17065342541.4
537480.992647
15.1060908278
660165.463966
169.39890134
111741.685632
11993657.9816
10.0036302968
848.974694112
10.0408724128
1080048434.79
10.0
10.0246394807
11.3631601528
10.0013442031
10.0000143903
9282.76122779
11.4402821513
13.3114435764
2254678987.95
10.0249222099
303.109795818
13269421.4414
10.2636929097
88884102190.4
6157393447.92
99.0690405268
10.0016046568
10.8061843746
10.3269985214
5502866.86405
348.809548925
1318186152.27
10.0022889155
10.3115885984
1658412446.76
33488.4727669
32543125926.0
15.9335455559
10.0104991556
3492735.24421
1.28002974989e+11
10.0086799031
4905.36750023
15.6668505015
1948508.66755
31583022326.9
129.865535914
1.54222542502e+11
1072594282.37
291489.024381
1079901.87511
1412979035.02
10.0001417481
8420561.82099
10.0101066457
10.005970588
67880529.1722
11.6135199043
10.1184986948
10.0670203708
14.1367131648
160764.645857
943965.508891
326866.019257
10.3975161955
10.0000337048
81.0980004798
2640288.9317
27.0194022603
1929190.03238
62794.6176947
12600110888.4
4147.76068826
83.4060541832
2372241758.19
42.2168552877
394371090.526
10.0104308294
13.2722310036
2074117.58972
60749681376.2
10.0253948257
277.728294459
15.1713995857
11.5671166115
10.0269749157
13.5013481783
35.4230776117
68554659200.6
834322.630041
4455089.38568
537.205710803
3594.85927446
11.1613598998
697.037096434
4056.56440917
445879.194639
63192282.2865
10.00001166
10.0030801271
10.0000379344
74071.2248052
3010.33084852
40731228.6555
294.186241176
173.320926972
9840381.96203
15.7164679949
39343281094.9
10.5272151098
3786.71912297
10.0005196044
46849166639.4
10.0000017407
388369562.319
186.275200606
32545268658.2
7308035485.41
1970158997.01
10.2982789401
5226565179.79
19.9378578041
25410413.7064
314770.403907
190.452059692
2703427.20559
10.0
882.140178471
60370339778.2
19.6041182752
676942.064929
10.0001942702
79.5493994898
10.0
100047.061326
16125821649.7
11552282406.9
40677458394.9
225640.558448
40913519529.9
10.0000028438
10.0633965632
31203481243.9
11.2901629077
11.5413574176
74724.060467
11.5594567918
10.0000044218
881376.958688
10.0005212377
12.4228082563
11.060257918
10.1351928085
511863847.397
1726259.63555
10219.2176011
8780133050.89
10.0004907992
67.7526852336
10.0000010441
10.9230598246
3568436.53823
10.6472000265
10.0192738193
1682.83313943
10.0000032843
10.0006653169
13.604039512
2.3667395052e+11
16.0850185655
11052920.0358
10.0069259398
25081676790.2
10.0011865311
753004848.787
11.9528825999
26831528.5801
10.0
1087367444.56
10.0000000235
9955889549.63
10.4836288748
49.783202043
10.0044884719
3012310.81297
13.5711875359
10.1180680029
967091107.22
57.3587476225
264882716.795
18.0253186798
19653.1389037
55.9818782307
39.9617100503
18.8300788008
559020237.574
120.559136945
36758989.8981
74941.4000287
14.983914786
10.045055536
93923719.0277
8346.57856723
10.0757633571
1.44961797263e+11
20.8503323982
41.8660916862
110.027081528
34.4018127066
491794.257749
359492204.447
60134520.1184
413.582105369
439.134081209
2045.95118587
373002190.199
600302.502387
126890427.999
11621105.681
10.0009127952
12.4628503516
10.0003637918
608628.277756
46.123617358
26064143373.5
10.8930766634
4540.38640958
189.818843597
10052010771.3
21.5174561621
10961789.5294
10.0008880541
10.0035355078
15.9765653691
2.69297372445e+11
3149012861.47
10.0022757357
10.1887875697
10.3443783247
30568.6247588
297248.7177
419025.567278
966551614.041
12.8207579471
10.001237774
539827080.074
10.48446974
10.0666162542
60163127.0009
10.1836247822
29525653265.4
27.7081705507
387159399.527
10.8795084481
519.154034054
2541.17583444
285.3864859
1.18729728488e+11
126.332719155
225230.304525
3862536230.43
32728789959.8
760827433.04
12.4571288897
10.0284601806
2233.11311686
11.7112233954
417946.638482
11.074471274
530610746.555
10.0002319549
2847.70163778
83.8004508804
33.2471850514
1373943.60402
12.1620503289
10.0000084422
1228035182.43
10.0000856314
44661020665.1
85299.6132399
10.0208999678
44.902249101
280297761.78
10.0170282104
10.0125851008
1134951.92238
10.0001076692
14.0629927601
493.463910242
15.1751717106
13.9673636217
10.4910467797
36.8390740419
18730043003.6
10002354.7011
9500535559.68
28708729.1704
102563742.932
12.3225266219
10.0000336007
38428316771.7
14.5312033022
313969286.126
5747502.47862
10.010351484
877.680186703
182.679860216
10.0009860192
10.0230573461
14.0650496276
10.0000213861
253.286294685
4005697.76074
97002606.1993
52.0453269221
10.0758010151
75.3841705497
15.9986586689
10.0091340318
24270197327.0
602075.987826
25883005.4292
908.316970663
838.727095899
10.0000000932
1800436.71456
10.0
10.0000000013
18.2026044372
10.7586010676
10.0001528321
5637.76217636
10.0015373722
1203.58296431
3908629.6833
10.0148127129
10.1132374976
15.894684692
12.4844807078
5307725168.06
565410176.753
47814459.7387
10.0000000041
376.56981267
24676989243.8
331.395683543
12.3310984822
10.0000000028
19.8446380566
10.000487612
9117.16697255
10.0003968499
67466070877.4
188058.555583
1948.04405288
250.750695362
9769156.47728
10.1568607297
1521556.47826
87.6365444879
43.1996442235
10.6929702493
3060552.24098
10.0443430709
21.6478195856
157.073583309
93852533245.9
161809774.606
100542.514145
10.0035671136
55175.5996623
1816.78256588
1915950.74897
10.0258379012
4842255779.63
10.0000016917
1.82728537308e+11
10.0002181879
36.2881358799
10.0001395786
89.9985133551
1898432.37994
328.353604435
10.0000000246
16.4083459304
10.0000368177
48483326031.5
10.0064840968
11.1718014105
10.0472530552
6153.63219171
66449330614.0
1750586.29198
33.0928577799
10.5313088357
4905859377.91
251.238004675
5981106518.93
10.0003370103
10.0022088408
5094193582.1
59057483.2882
10.0006987285
10.0265864453
2781860.90084
1907.04862442
23378647.5809
94.2795996276
218518.128003
2075359.91389
23.5032302447
10.0867489159
10.0426278325
10.008354316
14.0126781243
2590.87437408
314.237127659
754.121177223
10.8622834681
10.2570117375
10.0845274076
10.7402583523
31531.7524069
139611.276782
7405505.69009
20.0842478324
10.0000054992
10.0738108885
10.5431317614
10.0003246199
32.8896557107
10.5871066792
10.0000098301
19.3591714742
117.174230041
145173.838158
20658.0224832
11.4525120146
458432.914851
10.032201614
10.0321728502
10.0053016994
10.0541000734
176.416702924
5335138168.92
9876.80912291
10.4712515132
10.4072561336
182688.289946
476.681062951
80.2207022568
298835947.623
2.34354824234e+11
10.0004618343
10.0006065216
1607.54046578
10.014241133