10.0
10.0768722987
11.598293891
150.284260098
45.7342433076
10.0213342633
10.0028525308
11.4331228128
10.0027986086
6330874527.05
3106370.61643
3.38433833226e+12
10.0000244864
1247176.90327
319.413973649
142886973.795
29328773926.4
10.2708358628
1985985.48447
111518959.005
380.595787404
62899802.908
10.01125199
10.0433734608
10.5184065708
3670643.1438
10.7070303052
150242.644597
6064835749.05
20.9244965256
10.0009417922
6.86265771402e+11
6197392.43904
70065835037.2
10.0150236599
10.0022071994
3516097107.21
36721386913.3
4613215.43278
9.991060643e+11
1.6301507793e+11
11.3222574818
8610.20173459
7120939.5447
3.59580036138e+12
96441.1905139
136936814.954
10.1613538665
117786062.942
931016590.669
14.2600978248
1174043784.51
313128.635023
10.0000101179
2.28941479296e+11
1648561.51655
15260.3960885
10.267534652
74321.0282523
24735.6797058
53341166748.2
10.3770564276
104464.847648
3306.1339434
1837005.74054
340.283032556
124.050942143
8.91035823596e+12
202276263.822
28.8364984176
275785929.895
5848.45961825
13.4640105017
1176805.27699
266.12049967
7.51220247027e+11
56.5435488044
300409.072583
10.084774773
89191825471.4
331.231516748
141226.080329
253984.460712
1.63800538337e+11
10.5916735335
616172.326743
103.884050856
10.0013067508
33782.9428128
10.000023094
10.0011299992
8998887.315
13505816.9441
10.7610936183
28.4502949431
29763469.0155
60311.3814981
4.0342542745e+12
10.0003463198
11.2960151889
3743.3900685
10.0744099842
3.05357893093e+12
11.0253925071
10.0000003404
34243049.5797
1745827705.44
10.0020928444
236337.255995
2.59932408082e+12
10.0250323253
315923.651806
12.4249561312
8920997363.3
10.2900813706
1.29064344308e+12
3796.69367368
1.2294574047e+12
10.0717617877
4.47497557325e+11
6.86384420752e+12
243.978887224
87955790.0857
10.0225571384
1.20058939173e+12
55529516050.5
28.6385292769
10.0000000015
5284955989.7
23165.7433043
13796165235.7
5.63706463288e+11
11.8265432313
19.6052096917
10.1421064334
8.63727364635e+11
10.6582147783
17.3150254545
10.0165303837
2.45815422205e+12
108.3744928
1607.05730457
10.0000048696
10.0006837785
10.0
16962224319.4
10.0000028752
27.7241488404
7860357.27386
3803.80020006
11.6629532553
209362.891983
1.58018773307e+12
10.90900558
10.0978455233
4.42073686327e+11
36.374278999
13.8145030701
72103.1713017
10.0000111059
15.352047609
162848.882287
169300.964192
7143809634.13
25.0857180448
10.0006261487
34.1645550161
10.3658664714
1279574328.1
16.0902227958
1593.78258979
5.35145491469e+11
10.0897888431
1181265.16957
10.0123297599
47853814.5135
16.3168120978
978879.844523
22.6732234068
164064.532763
73902203.2247
6.00362474781e+12
1.48648677903e+11
2021632577.41
9.19421434327e+11
2.63852331975e+12
2.49618549306e+12
25.5679182952
2441.03714956
764.233202852
240.533467417
7.91413207097e+11
2.82762115808e+11
118580.017827
10.0098692023
3.14489249314e+11
62.0687478758
10.1618615944
10.0139579079
10.0000075235
12795233243.4
3197836.21857
10.0148983065
10.0000001343
485952854.598
2473227894.24
10.0099329985
10.0000000071
17.6826113594
1.11166126852e+12
8825972.2667
1029850547.2
179374.108546
3817054.04789
2.20588954765e+11
2.582935147e+12
2345335969.63
1717.0099254
4.94983914483e+11
3602927182.02
23651876217.9
46383806123.9
39885752.3439
11.159354802
2.47903482511e+12
861947770.497
10.0000000126
4791538489.62
197694.264339
1.10390038384e+12
1202915063.31
1398914.20602
78145408502.1
8.6566283511e+11
4269838.39241
11.360119385
10.0792597865
6018968.76032
369300685.704
21.6985773342
919545.755116
20.0781339798
6.08860449767e+11
43961064494.5
281621.057115
12.1991674677
95.3282366557
1.2414363973e+11
2034070.13953
11.2147167401
18.099505085
33.8849809808
9.7887474682e+12
18.2385251254
10.1934321745
19461.660181
10.0000038568
17770.2161347
776.289778059
1840988.1763
514479.765906
33.7567277055
5899160019.37
1.23749317768e+12
2428910688.11
6537135.3145
19.0615218526
6545583334.36
472691.628117
1040.54280621
12639.8993559
2981538.76974
56913343.0647
18.2549121829
6.83375648328e+12
867862.029336
171222.713667
1331727149.05
12.64239491
10.0017575756
149.097885124
11.6575578769
10.0676876722
10.0000451575
10.0009005634
10.0029378455
75657680.8456
10.0000063515
171388133.554
3838761.60288
10.0057352611
19.4627517197
17666136868.8
10.1220217158
10.0000004606
66.2376883626
2084.46214747
11.9512338594
10.1846281237
49859.5255705
983910240.619
51278143219.3
12.9536406969
10.0
15.1994760746
10.3259362243
266.685646209
515964148.712
7010178.64434
147.826511581
4.92022862508e+11
11475.8077372
4.50817650787e+11
83703724.69
22.4978242829
18.8632332478
55.0700767667
34668197235.4
72.5338838205
10.3996370053
566657.677528
432439817.382
10474.8487715
1.14128290306e+12
245043649.01
4.52355190599e+12
11.4308529296
60.5695289502
10.0000001347
57788988732.1
1695780110.95
10.0155594059
6789822774.31
2.41541973574e+12
22811140.3917
13.5318624501
10.1131811433
10.2846881488
12033.0525732
642760.06523
3.89203481825e+11
31.0981653151
14062332416.1
583506.577323
10.0108560113
14878.2677773
531.334369674
13047.3450866
278042385.145
10.0102755102
10.0010447573
10.1592961422
53.6055123283
4015667223.34
46.2670846413
29.3754224521
4370.5316923
71.4468872652
39.564872659
20185.3268115
219230.618332
1.74548366057e+11
11596645112.6
309.637042551
10.0003815158
398.612833751
14.2021322862
2.88106517581e+11
3245639884.8
10.6668615601
46109113094.9
10.0224989133
10.0066567389
10.0
70098.0043414
50978787923.6
11.3199563763
2399517994.75
1165.14387311
10.0435194091
478908190.609
15.7424916985
5.40253192842e+12
3856322.55518
10.220400615
1301832608.35
221940901.866
15.3066087901
10.8391363578
4273578572.08
23.1562255086
16.296522302
10.0906675184
4716345808.93
22.9933749649
10.0769581779
10.0002237848
11.1577630286
35181033683.3
584676775.532
397786.810541
10.0
88139060.3477
10.0000000042
1598405844.46
992.77828925
10.0007321267
22.2079469909
13815615945.3
30658501.6521
39.519921172
53325605733.8
31.2987401771
52.8138657406
1.35579343036e+12
10.023380559
10.2776897402
10.0000044681
93.9156758586
11.0572870113
121114714.57
17420866079.4
10965228.879
10.5462401768
10.000038621
1.99899863423e+12
515255168.447
23.3564748876
2.24094411989e+12
13.2504045717
65.8717787225
176357.358974
10.271305513
603959060.978
10.0507211062
18152623893.2
5633166081.32
345415353.939
10.4846821246
12226.1585322
17.5426564864
10.6746385525
78188079.4275
68.7396039696
186.603044415
13700366.0208
19.7551841636
3675.46825494
2.64869076161e+12
12907474.4709
49.899907115
10.0066419407
738.682051914
2.03895273666e+12
40.8204358833
11861.7029868
3416677801.68
153983860.096
1208837168.84
2.39278608185e+11
4308186.49284
100160.313946
133742.828886
12.4509249888
2707.20601255
86170216.5759
36743438.788
13.2037211872
11.5951830917
107400207.068
51471.9912157
10.0000000113
78342253213.7
7760202.02602
66811.1758343
141.279352292
12.4956504846
10.410948501
10096150.294
3832893.52904
15.8732573693
954641636.666
10.7325459257
26115.1204795
1470795118.32
10.0
22.7539140216
12.246113596
3170.85153301
13.6503917651
425927.083249
10.0076355871
515.552298642
2.2811394945e+12
144.054291333
10.0020237488
10.0980624536
156708.54975
10.0003225274
10.0021166606
9853837439.84
10.0000016229
1.20639614047e+12
99294924.9615
26.3771209318
10.0254359938
6151.95749007
10.0066196444
10.5865321748
10.0020905133
50125611011.8
14.3183629382
10.1898364353
10.0114430729
9239011.65277
99895637.6246
10.0209693114
150538599.345
3.6979545666e+12
58.9844707931
13.0979873244
211227604.173
35.651034984
10246936840.6
20369.0497041
6605158449.44
196733.681664
16.4225841546
10.2509448324
13.037488234
7261687.51705
3831.79418514
10.5767615488
10.0000245255
18526.9386237
3.44686910065e+12
14.1100989596
6268055.25886
25.8461624087
140396.62923
12.0684094178
5.45784552715e+11
13039973.4427
22.1129947661
16217548.1214
1021.94191724
2416416.03242
335747787.298
10.0072616478
8617.73323071
10.081878361
33456896754.7
10.0
10.0493275058
12.8710864412
10.0026885508
10.0000287806
151256.934546
13.0419387352
17.4472906461
70547260623.4
10.0498940845
2264.41159275
372704696.183
10.5329194578
2.8806074967e+12
1.94945496673e+11
474.774953333
10.0032095195
11.6635456439
10.6624959397
149779570.33
2730.60163893
40949933251.0
10.0045782501
10.6308962872
51681938472.5
643537.302416
1.04663197842e+12
24.3993024679
10.0210071279
93325893.2577
4.15879042393e+12
10.0173658323
72216.8734366
23.6534265876
50712362.4808
1.01550287954e+12
702.084514398
5.01681284941e+12
33222646814.0
6791816.53965
27277335.1008
43937187799.7
10.0002834978
232859544.945
10.0202214614
10.0119440276
1996133335.79
13.4289097158
10.2381180946
10.1343995997
19.5416030733
3582725.32741
23669495.2447
7676966.3776
10.8075747
10.0000674096
353.277988075
69690901.8443
61.8938021495
50185664.2055
1288252.49482
4.01836862438e+11
59302.9900518
368.351808672
74273693204.1
129.010057707
12022543427.8
10.0208703612
17.3500143728
54141752.2619
1.96338012054e+12
10.050841217
2013.43017355
22.2904354761
13.3248249795
10.0540080117
17.9212931646
97.1367076118
2.21761367711e+12
20776226.0099
120248487.609
4806.19364481
50085.5956915
12.4282006668
6712.76179873
57769.7226032
10690655.722
1855058640.25
10.00002332
10.0061610132
10.0000758688
1543738.85152
40567.7629123
1182458808.67
2175.48721726
1055.12718075
273620452.596
23.791552658
1.26728245931e+12
11.0764360919
53262.2569183
10.0010392305
1.51113163673e+12
10.0000034813
11836428871.0
1166.40402531
1.04670145868e+12
2.31796614497e+11
61537509148.1
10.6036334642
1.65179201007e+11
36.5583680008
728127589.375
7373693.92814
1202.80874035
71433093.6579
10.0
9043.73099394
1.95102877205e+12
35.4797586759
16654433.486
10.0003885434
343.257910057
10.0
2142825.70894
5.15469372675e+11
3.68111711897e+11
1.31060567866e+12
5161210.45565
1.31827202786e+12
10.0000056876
10.1271142499
1.00319896234e+12
12.7101823424
13.2671818099
1558625.50266
13.3076739139
10.0000088437
22015918.473
10.0010424972
15.2940134478
12.2086010483
10.2718438511
15673514033.3
44665836.7259
168872.927335
2.79016200823e+11
10.0009816177
269.555623527
10.0000020883
11.9130594896
95435402.9887
11.3274844136
10.0385773456
20123.9475695
10.0000065686
10.0013306692
18.1796015817
7.71972878326e+12
24.8266819471
308563654.638
10.0138557165
8.04898959017e+11
10.0023731748
23200285031.5
14.1996157796
770052837.184
10.0
33686918657.3
10.000000047
3.16779491678e+11
10.9857912749
167.526039808
10.0089785555
79976747.4353
18.096814812
10.2372485885
29909339774.1
208.872253607
8017400852.94
30.5335621414
354648.271964
201.165957236
118.126710077
33.0220805366
17142276601.0
631.1295535
1064224879.83
1563583.68923
21.7824540938
10.0902733262
2782931591.02
133856.225055
10.1519852275
4.71365805736e+12
39.5642094478
127.298355841
553.124145058
92.5916269968
11865450.9809
10941497165.7
1763157988.66
3418.88577757
3698.2617825
25515.8886077
11360057883.4
14663089.567
3784646971.24
324975056.977
10.001825657
15.3887039565
10.0007275943
14878850.5009
148.527104726
8.36702125238e+11
11.8488512989
65957.7913521
1197.27373448
3.19868458671e+11
41.813285201
305933579.047
10.0017761712
10.0070720155
24.5204074868
8.79068951699e+12
98939672481.5
10.0045518857
10.3804157049
10.6981797493
581436.435582
6935534.2273
10006434.0896
29892407995.6
16.2449507813
10.0024756706
16544263653.8
10.9875372017
10.1335870548
1764017339.46
10.3699371671
9.48820079323e+11
64.5866030826
11798905244.4
11.8198401627
4598.32295897
33129.6651488
2088.51762968
3.85555694883e+12
674.934471173
5151131.26836
1.21652185602e+11
1.0526524408e+12
23445044382.1
15.3751602899
10.0569851229
28361.3187262
13.6490893346
9978990.37455
12.2393806209
16257206154.4
10.0004639141
37967.2570275
370.94407673
87.5359008115
35145958.5474
14.6828811887
10.0000168844
38111271775.2
10.0001712634
1.44001486656e+12
1801081.8887
10.0418348657
142.338036546
8492891825.63
10.0340796097
10.0251828692
28744206.9268
10.0002153392
19.350914742
4305.44254851
22.3007001002
19.1045991899
11.0011972024
103.549231252
5.99529790815e+11
278281567.936
3.02149588587e+11
825512240.05
3044928278.5
15.0578542433
10.0000672016
1.2375775787e+12
20.5737960239
9532868914.62
156701732.641
10.0207115384
8986.24772577
1135.26960862
10.0019721163
10.0461572039
19.3562256458
10.0000427723
1777.7008078
107649164.86
2876245889.0
179.596883424
10.1520609991
316.692379671
24.58268718
10.0182747368
7.78637543337e+11
14709036.9305
742063882.18
9382.31628526
8486.80011158
10.0000001864
46680699.0016
10.0
10.0000000026
31.0758271834
11.5625578918
10.0003056661
84965.9290623
10.0030749334
13328.2354875
104933738.8
10.029642974
10.2274985007
24.2900933196
15.4399479009
1.67772743748e+11
17341433642.9
1393893125.17
10.0000000083
3021.89993804
7.91801520352e+11
2550.91327669
15.0779855198
10.0000000056
36.2559578196
10.000975243
148163.083104
10.0007937124
2.18214342091e+12
4242756.65906
24044.494419
1753.60311612
271571467.126
10.3156837421
39123830.6047
396.402783533
133.84231428
11.4238360383
81314003.9782
10.0888433072
42.2577548034
919.267143787
3.04278930681e+12
4850716745.32
2154372.82976
10.0071352451
1117615.72386
22091.6666227
49824829.5327
10.0517291826
1.52903405675e+11
10.0000033835
5.95057726051e+12
10.0004363797
101.039166359
10.0002791587
412.294285262
49347517.6801
2519.77496641
10.0000000491
25.7479363961
10.0000736355
1.56425766336e+12
10.0129715566
12.4509675206
10.0946845702
94081.4959953
2.1490174665e+12
45326249.4091
86.866941908
11.0849648235
1.54934454843e+11
1758.22899758
1.89304798147e+11
10.0006740297
10.0044180719
1.60949944915e+11
1730809802.94
10.001397496
10.0532294077
73599384.9891
23432.0871912
668283876.424
441.502618533
4986382.95664
54175710.916
48.7547786821
10.1740988211
10.0854009118
10.0167142147
19.2211703432
33908.0201447
2376.29610645
7418.99062914
11.7830505575
10.5192809495
10.1696254428
11.5237209749
601863.856315
3076055.2781
203839106.216
37.035029581
10.0000109984
10.1480569794
11.1096108989
10.0006492482
85.9885978673
11.2014710199
10.0000196602
34.695331789
605.784816354
3208834.85088
375100.667103
13.0691127485
11011265.4991
10.0644861302
10.0644284546
10.0106056471
10.1084340396
1081.49000418
1.6864883451e+11
162408.822807
10.9601043161
10.8276742083
4112384.79534
4116.05797157
347.592154365
9065242731.15
7.64362465064e+12
10.0009236857
10.0012130726
19029.8166345
10.0284984863