10.0
10.0460668578
10.9361671967
60.1335106465
26.2818261318
10.012796193
10.0017114404
10.8414040957
10.00167909
512092856.746
310423.831779
2.60564911175e+11
10.0000146918
131202.750187
104.678212123
12391013.8841
2331914606.85
10.1618063407
203304.962588
9733438.90372
119.443006607
5579002.92698
10.0067499792
10.0260060539
10.3085261967
363708.414083
10.4195753026
18509.3660265
490843957.774
15.7765864217
10.0005650668
53272940249.3
598895.773241
5526962750.52
10.0090120307
10.0013242729
286674874.954
2913404391.92
452004.0214
77393546198.5
12773880749.0
10.7775558765
1481.00212546
683863.224182
2.76769528795e+11
12383.7779759
11887935.4539
10.0965642996
10265545.4355
77543580.9461
12.4102219497
97385041.5194
36265.359841
10.0000060708
17896501254.5
170567.435751
2421.47193237
10.1598423526
9793.96275909
3688.35494071
4217599304.39
10.2248931485
13311.0177603
663.029566698
188884.997836
109.772654719
52.4104793503
6.83203058195e+11
17391522.5537
19.385085219
23541863.3097
1067.21124051
11.9790640112
124242.520248
91.3479218832
58284738144.8
30.3278102736
34906.3531767
10.0507961501
7021642778.11
107.570931822
17496.0601076
29913.4241529
12834977530.8
10.3517354664
67874.4844115
46.2154855902
10.0007840341
4852.20415478
10.0000138564
10.0006779873
855477.791799
1262777.37139
10.451289323
19.2161243345
2703430.45261
8121.81144135
3.10357406779e+11
10.0002077907
10.7624139431
734.879889855
10.0445930258
2.35210374816e+11
10.6056092287
10.0000002043
3095701.59512
143857243.957
10.0012556646
28000.3354735
2.00371256825e+11
10.0150133869
36563.5167063
11.4042514262
718538169.956
10.1732520581
99839312742.4
743.557559773
95130634098.9
10.0430078045
34827486019.2
5.26841046575e+11
85.6523396793
7726622.60966
10.0135294036
92908683894.8
4389074595.1
19.2985552112
10.0000000009
428494969.887
3482.49625367
1105606178.06
43809867331.3
11.0664251737
15.1390996183
10.085071306
66960785773.9
10.3908959914
14.0013609407
10.009915609
1.89539430613e+11
47.6175272355
368.041695169
10.0000029218
10.0004102626
10.0
1356257266.89
10.0000017251
18.8966832879
751603.27728
744.713225109
10.9731482579
25057.3626532
1.22109019257e+11
10.5377987901
10.058615835
34407974476.3
22.5687641435
12.1698296018
9531.12285372
10.0000066635
12.9898241717
19918.8164996
20637.1538558
576966924.352
17.7153888587
10.0003756854
21.6561060763
10.218256911
105981864.335
13.3745440527
365.592639711
41603205830.7
10.053796242
124684.233462
10.0073963974
4279876.59786
13.4915590193
104549.650692
16.6037963143
20054.3119086
6524116.1345
4.61070382091e+11
11656066713.0
166195774.562
71253631281.6
2.03378549422e+11
1.92457775076e+11
17.933822243
516.66921347
204.115254541
84.7565953775
61384909038.1
22071913572.9
14929.2367056
10.0059205867
24531146147.8
32.3174310776
10.096867379
10.0083728757
10.0000045141
1026260178.31
319086.301852
10.0089368546
10.0000000806
40982066.285
202690289.182
10.0059588524
10.0000000042
14.1868566969
86062406928.5
839732.549371
85620723.9033
21754.8123626
377477.44498
17248035864.5
1.99113874354e+11
192364255.545
388.208553432
38499242691.9
293652773.806
1884584730.2
3672077218.81
3587889.67042
10.6833800099
1.91141734357e+11
71891564.2995
10.0000000076
388997188.752
23776.4884063
85464807303.3
99738016.6299
146146.534022
6158678104.19
67109991400.8
419929.147392
10.7993829023
10.0474957919
582429.32093
31323098.2254
16.145139571
98608.1032654
15.3690257488
47297390570.3
3481972654.95
32892.1944085
11.2773959994
43.5035832328
9747795034.65
207948.500069
10.7154337286
14.3958480466
21.5395023432
7.50275929129e+11
14.4652199053
10.1157034062
2990.99417244
10.0000023141
2763.43538445
206.626128871
189271.139438
57400.1472533
21.4859226162
477606249.674
95749099822.6
199112872.921
630202.557484
14.8727397315
529235101.345
53062.5545442
260.152155731
2057.85033724
298584.1008
5063139.94166
14.4733867698
5.24541114841e+11
93416.4062702
20850.7329764
110226683.376
11.5257380475
10.0010545157
59.7912169404
10.9700649109
10.0405687621
10.0000270945
10.0005403302
10.0017626245
6674593.77535
10.0000038109
14795099.4497
379517.079128
10.003440841
15.069520628
1411924823.03
10.073070923
10.0000002763
33.7889637547
454.246574307
11.1372505929
10.1104525008
6852.98719187
81867755.8517
4055897176.97
11.6985120237
10.0
12.9096141321
10.1945575236
91.4919819502
43460345.755
673695.155152
59.4237210776
38270342350.3
1893.71869709
35084266891.1
7363289.51417
16.5216839978
14.7750389269
29.7889546806
2752005931.75
35.9682125424
10.2382776914
62787.8580105
36556639.9348
1751.08173759
88343143263.3
20974048.6942
3.47823892588e+11
10.8400988133
31.7821900762
10.0000000808
4566071430.7
139798945.268
10.0093333212
548727935.804
1.86259964103e+11
2091260.88793
12.016112749
10.0677863736
10.1700452822
1972.50947061
70596.2663058
30317233053.2
20.3622010778
1126696726.76
64521.4508917
10.006512476
2368.90059567
154.030709214
2114.8928259
23730123.2256
10.006164293
10.0006268439
10.095335927
29.2496656401
326795952.25
26.4867409636
19.6198040462
835.986453621
35.5954568264
23.8604397804
3087.71815789
26136.755464
13670818116.8
931168996.055
102.268760586
10.0002289081
123.699173512
12.3790821939
22486271881.9
264927084.456
10.3959790435
3650526786.86
10.0134944937
10.0039936181
10.0
9292.91713804
4032429437.42
10.77622857
196739761.938
284.56321967
10.0260935015
40399970.3068
13.1939958007
4.15092225656e+11
381166.761802
10.1317789018
107793796.406
19040410.6503
12.9659614704
10.4969809195
347486361.204
16.8289690969
13.481101058
10.0543219348
382974251.163
16.7532020581
10.0461182591
10.0001342704
10.6824576558
2792326156.27
49125882.0023
45229.0882904
10.0
7742273.73317
10.0000000025
131898393.352
250.667414069
10.0004392709
16.3855715311
1107147538.44
2781928.60252
23.8424418913
4216379788.44
20.4478826475
28.9565801839
1.04851951064e+11
10.0140230934
10.1658832727
10.0000026809
43.050386893
10.6241523022
10547915.0879
1392530323.47
1033852.15034
10.3249523322
10.0000231726
1.54290418184e+11
43401827.258
16.9219258054
1.72868110697e+11
11.8620516539
33.660760453
21420.5646281
10.1620857332
50713776.7612
10.0304080264
1450386236.04
456344664.451
29339363.1692
10.2886050169
1999.71697806
14.1163680457
10.4005496684
6891355.03123
34.660865421
70.3470923981
1280246.95791
15.212189059
723.79796469
2.04158547159e+11
1208998.27379
27.867759687
10.0039847411
198.770825288
1.57358894561e+11
24.360956595
1948.32633393
278682807.207
13328102.8802
100220562.418
18698856247.1
423516.104352
12814.286495
16651.4947311
11.4187952736
562.389071973
7574097.3994
3314044.84922
11.8364012942
10.9343863853
9383388.32935
7050.13028313
10.0000000068
6174062908.39
742441.464265
8901.22700247
57.5198092273
11.4438216301
10.2449790528
955159.969379
378965.762689
13.262031807
79475414.2267
10.4345493083
3868.16581383
121534755.34
10.0
16.6415095115
11.3038317996
640.539758141
12.080695358
48181.4869391
10.0045807928
150.506323412
1.75953668609e+11
58.3291346274
10.00121421
10.0587455881
19233.3067085
10.0001935154
10.0012699534
792731966.367
10.0000009737
93355644297.9
8693658.62736
18.2977712112
10.0152553927
1113.70322744
10.0039713661
10.3487064512
10.001254266
3965539655.8
12.4414835662
10.1135590131
10.0068645874
877325.823097
8744818.26154
10.0125773698
13037316.8131
2.84596412049e+11
31.2126273511
11.7782013968
18142460.9468
22.271761872
823976360.685
3112.21706646
533990499.374
23670.8178245
13.5460137528
10.1499695257
11.7448349959
696776.021549
749.262768551
10.3429488289
10.0000147153
2865.5077033
2.65357124601e+11
12.3295606195
605412.298679
18.0593304482
17402.612193
11.2035967274
42425262964.2
1220914.03827
16.3408747511
1505613.12313
256.467400001
244706.65101
28535773.0085
10.0043564826
1482.10594768
10.0490629092
2656752300.53
10.0
10.0295731999
11.6528126052
10.0016130611
10.0000172683
18623.0745517
11.7472911644
14.068240544
5564617494.42
10.0299126093
485.93081743
31605624.1204
10.3170927686
2.21946927455e+11
15256229780.0
141.304515755
10.0019256128
10.9734867684
10.3934128562
12973235.2699
566.37583097
3245588017.77
10.0027467489
10.3748280726
4087550812.43
70675.7364269
81054452260.1
17.4023655337
10.0126000445
8184927.45743
3.19894930415e+11
10.0104166067
9544.61373791
17.0593507717
4527387.16724
78656676573.3
191.05844899
3.85578534267e+11
2638328360.18
653632.094466
2485037.5388
3480098743.26
10.0001700979
19954722.5071
10.0121289551
10.0071650478
164132231.496
11.9598755576
10.1423326651
10.0804674619
15.1080514992
355429.692293
2167099.07364
734824.225654
10.4785151536
10.0000404457
112.91341166
6162783.96627
32.2551435128
4481809.25924
135256.393953
31294972650.4
8000.27344877
116.528196023
5856021002.23
53.8968850514
964968160.525
10.0125180394
14.0190678299
4823867.70715
1.51554699004e+11
10.0304799762
441.628677281
16.4243562969
11.9028845199
10.0323768775
14.3066867826
44.0814689188
1.71077068307e+11
1911133.48996
10474449.1241
905.0744077
6880.6601716
11.4060690445
1198.86904202
7815.13564644
1009013.68242
152709403.148
10.000013992
10.0036962436
10.0000455212
160336.541162
5705.2579667
98070939.3272
470.322409016
263.033546249
23361167.3203
17.1231041734
98041647812.4
10.6352772177
7268.38245083
10.0006235279
1.16799469652e+11
10.0000020888
950199576.783
284.80782082
81059803733.5
18118133801.2
4859604254.21
10.3587798147
12942212036.1
22.6441032144
60920947.3045
707045.569407
291.855632902
6312325.33358
10.0
1544.3581104
1.50605991687e+11
22.2011871184
1544612.50104
10.0002331246
110.493721028
10.0
218433.033725
40082654536.4
28684489609.9
1.01375323543e+11
503004.04976
1.01965189398e+11
10.0000034126
10.0761143717
77708851943.0
11.5634787015
11.871263139
161791.451814
11.8934803671
10.0000053062
2020927.18087
10.0006254879
12.9593430783
11.2827106837
10.1624059827
1254288272.32
4003400.55582
20589.5595252
21781461870.5
10.0005889614
92.2225943064
10.000001253
11.1155919029
8364797.83653
10.78057052
10.0231321469
3079.52832977
10.0000039412
10.0007983845
14.4358359644
5.92251373257e+11
17.5975530166
26273926.055
10.0083115881
62424923280.7
10.0014238508
1848964404.55
12.3777294158
64361039.4875
10.0
2674842709.56
10.0000000282
24708612379.4
10.58256193
65.0430182877
10.0053863597
7044479.66878
14.3945040237
10.1418148629
2377619774.79
76.392249671
646596990.08
20.1201845673
40678.0699471
74.3167691527
50.6167230653
21.1779252696
1370498262.26
175.896204153
88427252.3697
162275.882032
16.1848428027
10.0540860997
227669243.416
16664.3181267
10.0909709837
3.62376510518e+11
23.8601742808
53.3853394916
158.8650045
42.6241053819
1115147.27246
879153535.608
145262176.311
681.67603046
727.519980283
3790.1735779
912388462.214
1366581.76164
308250029.31
27639836.6471
10.0010953622
13.0090590297
10.0004365515
1385905.85481
59.6263177431
64877240081.8
11.079113487
8799.27047765
290.786355659
24947958977.0
24.7538273642
26054907.3998
10.0010656725
10.0042427293
17.4577737928
6.74063594636e+11
7782558342.57
10.0027309326
10.226884933
10.4143786525
64308.6071655
666839.406464
947023.897653
2376286918.99
13.4545018808
10.0014853435
1323194029.74
10.5835785853
10.0799820054
145331837.473
10.2206713134
73519153647.1
33.2090469903
947221733.824
11.0626111572
872.21768158
4769.27077937
454.965010641
2.96670024072e+11
185.290819923
502067.951387
9553652588.3
81518151183.5
1868271093.97
13.0019538202
10.0341599846
4158.99549157
12.0799866495
944534.627829
11.3000423457
1300481736.38
10.0002783464
5379.98298664
117.146876922
40.9826755589
3174594.38734
12.6361873441
10.0000101306
3022621175.1
10.0001027577
1.1133037412e+11
185400.032294
10.0250841516
57.8289992775
684463455.879
10.0204366344
10.0151036407
2613957.6285
10.0001292031
15.0147922129
825.588236756
16.4291796455
14.8939249849
10.5915310576
46.1103802735
46576835202.0
23750077.0124
23574846679.8
68907299.632
248773905.228
12.8349411932
10.0000403209
95755595571.8
15.6083058506
767211723.493
13557402.498
10.0124228091
1535.97847461
278.751615332
10.0011832324
10.0276739148
15.0173932574
10.0000256634
399.253912664
9404555.27858
235188634.029
68.4135664615
10.0910162279
104.009002702
17.4862376233
10.0109616388
60399578113.7
1370697.66435
62064789.8467
1593.5900509
1462.8998803
10.0000001119
4178194.63819
10.0
10.0000000015
20.3526491943
10.915700671
10.0001833988
11046.9783665
10.0018448693
2154.1025966
9173625.56274
10.0177773608
10.1360075968
17.352332299
13.0359252065
13143927028.3
1386248782.18
115283504.251
10.000000005
615.621368964
61414856735.9
535.625992807
12.8455688002
10.0000000034
22.520286029
10.0005851366
18276.0599271
10.0004762214
1.68353921906e+11
417395.248163
3597.8882797
394.875351647
23190167.7281
10.1884677639
3521543.79029
123.179138733
55.3327384443
10.8360632766
7158908.35736
10.0532305315
24.9288942672
235.917294069
2.34383115154e+11
393736637.043
219544.811119
10.0042806585
118372.274994
3340.85632913
4450577.49141
10.0310118844
11987183203.3
10.0000020301
4.57013422924e+11
10.000261826
45.3198498224
10.0001674945
126.906198864
4409255.42926
530.266024063
10.0000000295
18.0150675385
10.0000441813
1.20884287235e+11
10.0077813197
11.4188190857
10.0567250653
12109.9616554
1.65810588742e+11
4060714.58378
40.7637973734
10.6402301417
12145225750.7
395.716590799
14817898149.5
10.0004044135
10.0026506558
12613236437.3
142639623.536
10.0008384789
10.0319105135
6498150.53388
3517.51628682
56005256.7115
133.685427126
486757.075239
4826801.15769
27.4353729482
10.1041707182
10.0511708167
10.010025849
14.9511835423
4868.06541702
505.441441035
1304.88358366
11.0416659399
10.3090424256
10.1015012722
10.893435636
66407.0280052
307550.418239
17522676.6838
22.8387014466
10.000006599
10.0886252291
10.6545361906
10.0003895449
40.4757897021
10.7077692133
10.0000117961
21.8767636196
170.407122221
320127.255776
42839.738256
11.7622824877
1038014.69275
10.03865188
10.0386173456
10.006362309
10.064948131
268.225195313
13212061427.6
19869.7501335
10.5675984662
10.4902767378
405188.027369
795.212725397
111.542065082
730015573.938
5.86436240501e+11
10.0005542033
10.0007278295
2933.09862353
10.0170913056