10.0
10.0076660505
10.1514018341
14.1518279154
11.9073500505
10.0021317898
10.0002852238
10.136478317
10.0002798327
115443.179755
451.640246876
33223170.5908
10.0000024486
272.748117618
16.0959414478
5631.32849701
434421.898033
10.0268235907
350.964218262
4696.82440714
16.6238375088
3115.75895299
10.0011247435
10.0043305905
10.0509012622
497.409796911
10.0689738038
98.8920632212
111317.536828
10.8213449857
10.000094176
7505731.77219
679.09374518
940552.874992
10.0015015541
10.0002207024
70388.6600887
529619.617485
568.904137706
10629099.7368
2012099.00894
10.1263743804
35.1321102595
739.117505993
35170414.2061
82.1818968416
5457.80020201
10.0160425278
4887.69170854
23777.0121078
10.3732261014
28635.3531368
137.196548339
10.0000010118
2739824.05777
316.877828138
41.9751238825
10.0264997216
74.0325398917
49.3155217047
737444.269545
10.0372047346
84.9115961331
26.8828859854
336.197241227
16.2829004534
13.7300430673
82799763.1225
7290.37013555
11.2365026026
9211.14623187
31.3924506462
10.3102387619
264.4903718
15.5789382745
8160478.73419
12.2488722918
134.589845537
10.0084517314
1167643.54969
16.2027600361
96.315117925
124.640160613
2020887.6995
10.0579486339
189.874684407
13.3626013675
10.0001306689
55.022451104
10.0000023094
10.0001129953
854.191650777
1104.32463815
10.0741115021
11.2182480344
1858.2983184
68.2437003325
39189650.8582
10.0000346315
10.1239723437
27.7761921167
10.0074211514
30164555.5973
10.0989644621
10.000000034
2043.6995729
39497.9403547
10.0002092687
120.651182458
25935027.4568
10.00250098
137.763178166
10.2238831753
154623.416389
10.0287102037
13485301.936
27.8807900144
12889365.655
10.0071577164
5060381.81661
64688107.5953
15.3439777826
3956.08556106
10.0022538845
12607595.7744
764314.490341
11.2271668929
10.0000000002
99086.7454204
48.2191679789
225004.616407
6259077.70438
10.1717755465
10.7416971311
10.0141385374
9286312.43086
10.0643187591
10.5938811349
10.0016520556
24612867.0645
13.4483497568
22.4901043218
10.000000487
10.0000683762
10.0
269144.170468
10.0000002875
11.1834476095
785.427790038
27.8946697238
10.1572023794
114.288964179
16284337.5686
10.0880735511
10.0097502811
5003960.31156
11.5626671216
10.338289612
73.1541398839
10.0000011106
10.4556574683
102.378625324
104.115289867
127920.52881
11.0513143984
10.0000626135
11.4723993638
10.0361147315
30692.9959324
10.5090384239
22.4464903141
5966138.82094
10.0089500112
265.019184393
10.0012324291
2572.88409323
10.5250731441
240.184103541
10.9216084722
102.708201375
3492.89662843
57002793.584
1850745.86958
44533.0806606
9840185.72528
26301466.3214
24969450.0336
11.0761716547
24.8813316677
19.0791372069
15.3061631459
8563816.69736
3322049.63754
89.483263789
10.0009865698
3661403.38209
12.4061402157
10.016092718
10.00139509
10.0000007523
210825.885538
459.240569361
10.0014890323
10.0000000134
14240.8633112
52567.2438993
10.0009929449
10.0000000007
10.6185072646
11737024.4142
843.927723009
25774.9960163
106.767496802
508.88535363
2648612.18428
25781734.5301
50315.3861149
22.843142569
5552447.86586
71836.29718
359692.321225
651317.067034
2268.56584002
10.111398195
24808681.034
22360.0585784
10.0000000013
91230.1537312
111.423969806
11660855.682
29201.1003612
289.977773337
1037066.76932
9305596.75499
543.478249785
10.1298329589
10.0079034664
667.180001107
11515.2582734
10.8664317936
232.536380933
10.7706737794
6720241.24735
621050.229155
130.650227674
10.2044382495
13.1919711093
1572571.1533
355.644158761
10.1165053143
10.6459998037
11.4606898832
90511999.8536
10.6550674408
10.019210011
45.4650621172
10.0000003857
44.1142084492
19.1416564119
336.597502272
173.746673098
11.455295549
108736.837352
12967729.8876
51788.8683895
701.482640161
10.7077648804
118756.997241
166.743231383
20.3809523658
39.5260184786
441.142010318
2904.01481195
10.6561330513
64420106.7581
225.716459514
104.62669984
31699.8797236
10.2423710206
10.0001757464
14.1338745623
10.1567192479
10.0067523378
10.0000045157
10.0000900534
10.0002937535
3551.8036093
10.0000006352
6442.52029873
510.574073209
10.0005734077
10.7328714144
278829.698682
10.0121489462
10.0000000461
12.5185163766
23.9315999656
10.1827865691
10.0183413947
63.4764467706
24850.3831193
712020.268164
10.2684424
10.0
10.4443969267
10.0322182492
15.5847634019
14921.6756347
732.054105043
14.114527958
5521860.58914
38.3485699492
5094895.99133
3817.87642177
10.9118043917
10.6952183823
12.2051476843
503386.139846
12.679344116
10.0394017151
182.170091469
13007.4938571
37.2821182192
12027453.8648
8422.1188413
43649039.4323
10.1362721537
12.364455917
10.0000000135
791956.984046
38571.9337959
10.0015550698
122510.215612
24211831.4967
1554.98424568
10.3157095764
10.0112722988
10.0281817691
38.9200399332
193.907883522
4451403.92529
11.3400889157
228755.33237
184.821499423
10.0010851771
41.6331335132
17.7229278621
39.9239472946
9268.35694119
10.0010271711
10.0001044718
10.015839098
12.1608772973
78655.2492893
11.9254299293
11.2616904501
28.9560427409
12.6522836321
11.6864673347
46.0237509498
116.656476887
2140825.06962
193680.588636
16.0055922617
10.0000381511
16.7686090542
10.3687259305
3379397.22418
65847.6021641
10.0651444312
647892.976169
10.0022480714
10.0006655144
10.0
72.3485684988
708323.377395
10.1261639132
51271.49922
20.8967642171
10.0043451399
14079.9682922
10.484114933
51601490.3023
511.937868139
10.0218673882
31123.4973354
7816.19542906
10.4523122406
10.0814953642
82868.1989483
10.9483317926
10.5236438197
10.0090373123
90023.8952534
10.939366112
10.0076745912
10.0000223783
10.1112510855
509952.436685
16454.6368351
153.506481603
10.0
3962.00771671
10.0000000004
36758.2388704
20.1729946679
10.0000732107
10.8954822001
225278.978942
1895.89387358
11.6847725064
737252.843091
11.349016622
12.1365979604
14118027.7809
10.0023360906
10.0274957591
10.0000004468
13.162807454
10.1019345599
4988.15455415
275459.691575
967.051760018
10.0535826556
10.0000038621
20282565.5583
14905.6759187
10.9592955281
22570424.0082
10.2928861082
12.5088516349
105.980461208
10.0268696601
16878.9527731
10.0050628763
285499.202629
104574.1797
10938.5947299
10.0476455188
39.1146585039
10.6091744382
10.065886637
3636.15736262
12.5836334197
14.6607039759
1114.50917852
10.750939461
27.6416296447
26396465.0573
1072.73073097
12.0449919765
10.0006640353
18.944543744
20661379.7565
11.7332727776
38.7459012127
68725.1375538
5950.90183962
29316.878503
2852366.93997
546.350464781
83.4600704335
94.1180710951
10.2261033255
25.5369247355
3898.23811025
2144.42791173
10.2890670743
10.1511221819
4570.09574011
64.2423885404
10.0000000011
1039406.93965
779.236866519
71.0033214795
14.0130844847
10.2299192644
10.0405009787
917.991598677
510.117888514
10.4935331416
24257.6404003
10.0714009008
50.2489647077
34355.4729616
10.0
10.9261007238
10.2085023711
26.5924524044
10.3252195285
158.592584969
10.0007633489
17.6181837364
22949165.0758
14.0564585994
10.0002023601
10.0097718224
100.696436977
10.0000322524
10.0002116499
168377.860191
10.0000001623
12664305.1831
4317.47900397
11.1171525932
10.0025412736
31.847020434
10.0006618068
10.0574552449
10.0002090356
697776.022631
10.3777363717
10.0188553171
10.0011438362
868.346084186
4336.35577439
10.0020953501
5852.22497552
36108972.7106
12.3196027238
10.280381407
7530.95482785
11.5335557794
174127.439737
46.1638803391
119674.0646
111.184780453
10.5325038622
10.0248710226
10.2753890145
748.043869717
27.9491966667
10.0565171345
10.0000024525
44.7267195926
33799619.4065
10.3615538462
683.781806116
11.0903648301
96.0742958902
10.1930590935
6075377.16881
1079.76308163
10.8901029221
1242.78598462
20.3006932546
391.54870866
10703.0646819
10.000725975
35.1412942103
10.0081638154
487838.825344
10.0
10.004924016
10.2615713952
10.0002688291
10.0000028781
99.1774358974
10.2757568351
10.6027846143
946330.011759
10.0049804724
24.4222010067
11596.8598977
10.0523000195
28558246.2612
2366906.18939
17.3376133175
10.0003209149
10.1572554153
10.0647276229
5830.42119535
25.5926659117
583211.677415
10.0004577496
10.0617069761
717003.793406
194.024760089
11097788.0082
11.0153412513
10.002099126
4128.47695936
40327109.8221
10.0017354987
73.199489936
10.975432046
2678.90309811
10790950.2837
18.746510007
48120258.9959
484825.870595
718.025349143
1752.26206016
620751.175179
10.0000283495
8104.06072808
10.0020206758
10.0011938895
44072.0618148
10.3074008842
10.023610462
10.0133754344
10.7377621477
490.444764823
1593.65346128
774.072954766
10.078513837
10.0000067409
16.3955536029
3350.22316784
12.4013120873
2659.48169287
277.48656657
4583881.73784
67.8026572093
16.5228877457
990932.233991
13.8141009612
199794.945715
10.00208547
10.5962411229
2804.17860968
19944504.8144
10.0050748437
23.7308869508
10.9001421756
10.2989543597
10.0053903332
10.634303125
13.2288818015
22350423.3363
1461.68106665
4962.06967249
29.7182979517
63.5845729558
10.2241607414
32.6543147246
67.1248726935
951.681700355
41505.3204483
10.000002332
10.0006159647
10.0000075869
305.780841246
58.7963452868
28800.4762355
24.1828352618
20.4432551392
9156.15602248
10.98288912
13257972.5403
10.1037148149
65.0788634778
10.0001039192
15619681.019
10.0000003481
197126.107276
20.9018006705
11098472.2483
2770945.63029
837603.124301
10.0590956991
2036305.92225
11.5700121339
19558.4614163
755.108880786
21.045861017
3409.48516871
10.0
35.6535977202
19827197.151
11.5266012863
1264.45082814
10.0000388538
16.3089345903
10.0
366.084993543
5763729.65477
4229559.52958
13679366.1839
608.232153153
13753848.9776
10.0000005688
10.0126536811
10669515.1223
10.2480880568
10.2942562529
307.373374407
10.2975580148
10.0000008844
1518.80472924
10.0001042458
10.451383711
10.2052558129
10.0269224656
251297.35388
2452.77725043
104.001022822
3281807.84459
10.0000981583
15.6142200849
10.0000002088
10.1794243055
4195.57541641
10.1268523396
10.003852389
45.9767841458
10.0000006569
10.0001330605
10.6512301515
72289534.4974
11.0378216678
10033.6715648
10.0013848811
8698855.55677
10.0002372972
353673.851709
10.3685302636
20444.8762562
10.0
490795.38639
10.0000000047
3685802.1073
10.0952680893
14.4026232285
10.0008975655
3695.40220595
10.6458238419
10.0235249693
441977.172364
14.940570869
141135.977295
11.3147389562
145.403574168
14.8460776414
13.6265911514
11.4241161664
271625.672561
18.342969476
26462.4360584
307.902537748
10.8712484349
10.0089981479
57953.4819534
94.1517828107
10.0151160899
45374999.785
11.6864423391
13.7853381479
17.8643061675
13.1351983037
1016.6653169
184224.329389
39817.6563357
27.1196105079
27.6869488889
49.8467387061
190273.004015
1164.30797181
74850.8148702
10439.0819041
10.0001825537
10.4583509801
10.0000727575
1175.33795064
14.1252027278
9016759.84429
10.1737515972
70.6487731475
21.024134514
3718690.06975
11.7695783666
9968.32024116
10.0001776058
10.0007070216
11.0217395014
81746464.177
1281722.99718
10.000455114
10.0375317936
10.0681309498
184.497432918
727.27418496
912.856482271
441757.036745
10.5200051207
10.000247545
263372.724191
10.0954312555
10.0132949548
39833.4976378
10.0365113521
10131713.7071
12.4746103692
196587.450084
10.1711812655
29.3598538227
54.6392874381
23.942933321
37554388.782
18.5953140215
607.521481176
1544053.71612
11157067.2396
356937.307739
10.4573563241
10.0056868605
51.7152210118
10.3251153524
911.282917969
10.2079201852
259399.70798
10.0000463906
57.3911544884
16.5444411014
13.0272260851
2080.28480767
10.4056598155
10.0000016884
547297.133642
10.0000171262
14933362.7624
332.572278962
10.0041772013
14.029699537
148254.817466
10.0034037881
10.0025160072
1815.12029704
10.0000215338
10.7259105704
28.838410054
10.9007211947
10.7104782814
10.0967072124
13.356107557
6625134.49623
9274.41590738
3529724.19786
21605.0221845
62443.9800423
10.4338720864
10.0000067201
12968552.8001
10.8005284181
163663.367047
6028.41524998
10.0020696114
35.5852711421
20.7763580604
10.0001971976
10.0046080711
10.7262417714
10.0000042772
23.0321031777
4577.78612569
59559.3601233
14.5680668316
10.0151235852
16.0709753586
11.0250211897
10.0018262727
8435755.19965
1166.66074059
19854.0530847
36.0511985952
34.9809851534
10.0000000186
2528.92533606
10.0
10.0000000003
11.3390921318
10.1481860172
10.0000305663
78.0818596107
10.0003074593
40.1943196266
4493.68938948
10.0029611395
10.0225659503
11.0095522217
10.4621087258
2065283.61632
274367.20119
32892.059381
10.0000000008
26.2640257972
8567707.05525
25.156923281
10.4353724696
10.0000000006
11.5579324547
10.0000975209
98.3041892639
10.000079369
22015704.3015
541.444714696
48.8375004547
22.9575546672
9104.04547742
10.0312160405
2238.70180292
16.7510829547
13.8939338711
10.1356346549
3739.49496106
10.0088560609
11.7856366774
19.8402993121
30064499.6608
92177.7718059
367.182275
10.0007133413
257.39825436
47.4462967673
2646.1473922
10.0051633138
1898654.77718
10.0000003383
56527208.4365
10.0000436373
13.3069641118
10.0000279156
16.875723761
2628.47219596
25.0795588391
10.0000000049
11.0853667078
10.0000073635
16131162.7973
10.0012965504
10.226106959
10.0094363585
81.3587182053
21702838.664
2477.82882137
13.0126229739
10.1045070036
1921487.48414
22.9719136143
2304574.6649
10.0000674013
10.0004417369
1988975.94691
39220.4972923
10.0001397426
10.005312772
3482.70234709
48.4078696004
18277.8454099
17.0969114089
595.840315731
2805.40924618
12.0079760987
10.0173018533
10.0085139645
10.0016704167
10.7177992618
55.0953751252
24.7154400156
33.6179956228
10.1679152574
10.0509855745
10.0168599694
10.1446830531
187.675000811
449.104313038
7332.52834104
11.5889110896
10.0000010998
10.0147274536
10.1067937886
10.0000649233
12.9933318612
10.1152850524
10.000001966
11.4944465829
18.1918241667
460.149449395
149.294523385
10.278000738
969.617529375
10.0064336983
10.0064279573
10.00106016
10.0108013396
20.5545214469
2075064.29193
102.259043583
10.0928653497
10.0804132948
531.594191246
28.4901072791
16.3466022661
156760.972454
71615289.2584
10.0000923655
10.000121302
45.1263630345
10.0028469297